16
318
150
178
694
127
1601
863
780
1319
785
833
1909
134
1018
1219
156
766
294
30
2175
341
127
826
1116
25
59
285
141
752
154
251
854
477
813
441
398
788
215
52
385
581
1056
112
2701
47
77
109
158
827
113
328
1022
857
354
364
394
42
1828
1022
643
1566
1142
909
2492
5
872
155
475
35
27
160
97
449
165
630
437
140
227
179
720
330
315
159
767
193
876
397
593
607
634
2290
209
210
94
36
512
5
1059
173
375
488
528
107
175
258
1301
131
542
230
456
1665
581
1791
592
341
127
110
614
188
1173
533
14
1189
382
1844
670
350
357
324
766
1506
483
33
2036
28
630
2723
995
345
268
122
508
652
9
1364
213
907
587
884
1212
158
589
101
360
775
989
505
351
339
56
1971
35
220
361
420
328
11
166
185
426
322
247
893
1229
721
174
1534
326
2281
57
89
202
380
218
2054
703
389
230
632
979
22
595
599
103
1458
469
1528
253
221
84
1007
65
151
44
333
840
1100
740
1490
1923
902
465
567
966
103
16
897
1784
185
376
628
459
1
418
425
408
203
4
107
230
369
230
1211
340
288
1324
360
885
1867
578
118
367
470
302
760
2543
385
35
426
250
202
185
882
6
1136
468
508
926
107
524
650
213
92
1366
834
741
305
287
52
587
580
939
70
432
96
406
377
390
15
3
116
52
155
458
371
169
666
38
591
589
58
783
117
198
53
128
58
777
1984
301
23
1808
77
185
772
4
178
552
965
10
556
406
1161
254
4
247
1175
176
128
39
650
1825
606
353
773
743
1291
1
1488
55
52
1712
277
182
278
486
158
166
160
1005
267
1595
2475
108
186
856
261
39
625
1037
231
2
1033
1100
910
500
14
191
43
143
475
74
317
1823
153
292
584
338
611
538
1045
1314
162
68
340
438
31
401
473
44
69
238
237
937
406
404
522
100
437
593
703
376
90
1105
401
1110
1034
68
96
170
1044
14
232
1800
348
128
762
244
1539
1147
600
382
2541
108
136
17
1480
876
1392
122
348
26
464
46
350
369
6
803
44
1013
721
177
2087
593
413
1316
82
42
555
260
3
43
487
981
1042
111
90
1301
464
814
269
2618
41
122
113
615
89
259
1995
1328
1516
530
6
721
561
109
125
61
874
290
1942
44
306
115
503
1008
246
196
435
712
259
467
715
1589
856
623
176
326
436
316
128
707
102
286
513
1222
327
658
164
15
472
135
583
118
1459
911
2335
321
1008
207
606
442
1350
769
240
422
534
1207
1178
2362
65
2582
164
62
432
372
1050
4388
62
85
338
460
340
36
3
1732
187
245
493
306
1482
291
280
431
786
253
816
815
219
2442
140
389
625
367
599
144
650
16
721
21
1404
135
638
321
266
101
693
455
37
503
321
850
1372
604
1563
287
934
257
299
442
88
122
1102
213
42
136
973
339
71
252
1771
734
359
198
96
809
177
1918
112
78
146
121
30
834
435
538
127
300
427
506
2326
995
588
875
866
690
1025
757
2234
124
115
143
452
1001
994
506
83
2032
90
497
462
169
28
769
61
2519
154
300
1659
452
374
524
33
672
1317
2266
824
10
225
66
233
971
940
261
307
178
450
376
63
105
23
504
193
651
1394
88
877
911
1168
1106
774
463
653
683
71
173
1353
135
547
147
241
648
172
19
97
384
687
724
747
52
13
1
453
155
2203
629
337
212
1063
668
1281
901
72
3
591
354
32
1536
89
30
320
759
656
1130
50
498
905
895
185
58
57
98
328
1076
217
809
550
912
232
861
410
1296
692
1236
257
2642
1776
1180
1905
213
393
3195
212
186
217
373
1214
1065
1021
838
178
137
222
258
121
3051
422
14
1682
410
130
203
234
176
48
253
16
36
926
374
76
218
286
28
58
524
354
404
67
25
79
325
644
2244
145
14
1496
26
312
699
100
382
1411
232
617
690
308
1267
484
1141
230
890
39
133
398
53
185
896
1877
2262
521
435
1997
539
11
272
394
110
924
695
318
154
584
658
291
479
110
591
398
277
235
968
1067
103
103
876
13
361
337
691
1265
641
68
454
448
673
971
714
586
422
1009
292
914
110
356
109
545
340
111
137
605
800
549
154
1301
1900
444
299
142
377
1669
240
8
689
1660
421
154
32
333
1066
348
210
1364
377
297
659
47
770
59
183
340
1003
450
49
316
888
12
227
1307
823
494
469
211
630
258
1807
116
1495
77
190
156
89
1748
192
343
1215
910
1018
1069
359
226
240
325
173
490
520
375
321
875
159
646
701
1040
144
622
21
214
831
166
500
351
142
1116
135
1388
56
1024
293
57
7
88
338
379
209
687
556
610
1795
386
130
71
165
590
530
395
197
10
64
142
865
498
196
5
285
923
75
989
543
767
50
631
319
746
566
403
119
171
461
542
214
660
1550
868
337
1186
2600
110
59
904
445
657
235
630
716
1666
794
1068
193
683
381
117
32
366
2550
1876
1207
922
573
42
584
38
362
744
114
682
873
8
648
72
378
374
576
873
141
1076
165
891
674
686
442
323
978
611
646
340
662
670
882
1757
1224
388
1589
110
14
1843
1355
80
404
25
437
1169
222
53
689
242
236
690
140
51
313
748
210
249
28
251
255
1234
313
552
1131
583
995
1876
849
176
412
106
468
1462
378
288
312
439
181
265
143
48
90
182
1737
356
712
584
83
100
422
1422
87
1116
121
71
1127
1876
55
1449
299
1093
637
141
2359
868
664
2417
459
563
1229
2407
2
74
119
50
505
229
795
57
258
369
376
1630
86
1233
13
209
1653
721
490
139
282
877
225
461
1565
1108
317
26
203
292
976
1935
1068
690
1259
629
850
279
181
380
1245
323
265
217
14
46
1176
373
2048
283
1469
293
642
353
590
710
40
480
159
755
206
437
918
75
33
1027
528
31
1203
147
126
370
1263
969
109
991
47
1184
446
83
201
74
233
13
536
571
2770
335
912
281
252
283
132
422
671
850
624
830
465
114
271
60
1190
471
1364
1434
1602
404
162
657
1576
98
396
1414
37
138
13
934
1146
742
13
340
436
776
905
167
499
77
148
2014
515
687
253
458
135
304
304
11
317
133
803
2056
670
701
466
228
452
569
563
133
423
1403
2247
718
1198
44
375
1557
1053
527
33
21
544
1520
2455
589
416
219
205
665
1939
441
26
35
819
159
598
244
62
102
151
1271
1144
1807
402
656
328
65
72
1318
643
442
384
64
211
1021
113
1386
76
53
119
78
389
1187
162
96
233
572
564
258
425
2347
11
1772
712
96
832
164
22
553
290
748
338
574
158
457
788
837
228
3746
108
736
599
405
171
969
244
11
555
1
108
200
734
1495
97
115
1020
561
6503
190
355
411
1878
318
962
401
1810
235
44
351
707
55
317
671
319
258
597
20
21
466
197
1108
286
128
148
205
194
384
222
21
175
327
24
148
713
1006
340
914
164
934
137
1
783
1555
358
1062
339
255
3591
477
655
346
264
12
628
188
21
428
1283
369
469
845
893
302
855
544
455
996
21
131
30
1502
682
677
525
1093
1273
914
554
109
436
930
352
242
565
538
1428
122
520
58
195
132
1093
635
320
82
221
342
645
5
867
184
162
73
845
127
1746
211
713
715
2693
259
1186
1026
992
507
523
558
105
77
327
477
237
1108
1384
584
245
339
293
115
746
134
165
1192
323
610
915
265
612
320
2
246
28
640
364
159
1323
275
42
483
29
2408
2081
675
1440
137
529
513
123
630
137
802
169
368
905
14
97
1793
221
1017
668
144
639
402
604
265
1786
117
1201
257
72
16
734
230
319
240
262
354
422
1716
454
73
32
4
527
89
691
37
486
209
207
353
1262
17
239
2336
54
599
149
610
645
101
88
452
20
835
18
1956
1117
59
68
2103
412
283
1247
20
758
1060
1812
286
574
465
1881
319
1746
1636
533
22
775
4
128
900
1896
756
988
785
68
425
407
549
246
456
79
71
1077
122
216
455
52
767
839
201
1191
2116
536
41
842
303
547
3
365
393
236
458
403
20
1117
202
763
158
406
23
330
11
1295
240
1013
325
231
257
492
390
1730
95
230
202
183
556
1617
1197
231
793
218
719
144
510
1370
249
165
276
249
607
486
15
244
2275
587
76
221
178
94
986
651
675
8
296
1221
46
1035
959
37
540
634
767
48
120
484
30
937
459
25
78
930
2071
543
1115
240
7
45
220
193
32
199
54
235
321
1646
2009
1376
1425
136
994
84
331
145
418
467
154
427
94
21
130
82
486
377
399
12
871
1387
1720
748
73
776
342
68
14
186
1049
924
100
570
1948
15
516
990
41
869
593
2116
1042
121
466
92
61
323
358
25
990
69
215
232
716
511
345
1124
738
203
265
49
543
19
572
349
466
379
7
301
399
817
613
1428
127
581
65
287
100
64
197
326
431
261
164
371
485
146
788
169
581
547
165
157
320
59
1141
209
190
677
133
29
825
18
424
519
109
537
1626
82
46
1224
80
917
113
733
617
233
108
3008
1022
810
42
62
148
970
228
447
400
941
24
1309
375
588
627
1131
39
1723
705
192
130
641
185
841
509
261
859
715
104
588
12
646
611
282
64
69
266
48
37
876
125
155
1056
1851
440
237
781
629
28
377
217
302
18
283
1168
242
1177
640
193
359
60
1875
588
506
419
689
1016
275
2272
634
1004
776
404
91
349
486
156
37
41
853
37
232
979
364
965
206
508
341
609
268
442
473
153
1483
416
610
693
133
1006
76
102
867
1379
836
1956
565
98
1069
16
715
293
1028
5
430
553
218
461
524
30
160
218
939
1218
679
225
866
262
190
791
44
527
136
102
23
1222
470
1764
6
19
636
917
973
431
142
319
543
165
543
398
151
1471
398
339
181
393
705
25
413
305
307
1038
206
107
267
366
208
2
2094
447
940
271
627
431
23
1273
195
1885
266
974
177
500
95
761
145
365
309
266
1362
210
495
831
686
337
1603
1970
2369
167
33
38
214
1282
93
148
426
2192
74
451
90
390
6
1672
2518
68
713
508
825
29
245
485
437
37
1724
326
382
159
298
434
978
403
199
1053
293
498
2227
1372
208
1399
397
813
332
699
909
91
35
392
270
870
551
409
340
991
744
1698
748
97
110
294
107
23
55
133
1570
568
1098
167
143
36
69
159
39
753
437
618
1926
195
90
529
40
943
284
926
966
1006
550
1116
3
859
179
181
793
2075
467
165
56
721
73
263
163
444
44
943
1414
122
249
439
181
210
1035
188
64
159
2032
958
67
12
713
433
1403
483
410
1489
172
226
306
373
170
101
642
858
873
615
116
451
731
977
1420
268
636
227
136
494
575
353
615
186
682
914
390
38
303
52
1121
583
278
927
277
1379
251
68
19
886
247
582
1298
146
1132
179
57
427
612
285
58
10
13
698
1078
1209
545
411
1494
661
35
433
245
126
1527
333
49
151
443
119
1092
291
41
317
6
67
407
149
1920
164
406
385
859
336
727
496
329
1439
677
118
270
1085
198
190
66
91
2047
228
261
584
233
1078
555
65
395
214
376
216
319
809
296
1005
233
106
209
574
107
1609
766
47
88
1184
111
320
608
543
241
220
766
787
110
218
434
39
857
163
4216
170
863
475
41
538
374
494
608
60
16
369
2434
508
1076
680
141
176
114
1117
573
507
859
355
874
115
2331
1113
701
462
562
398
504
216
159
94
3568
493
1546
305
1315
573
16
649
37
641
112
135
357
207
606
233
639
175
1210
118
178
1506
236
109
819
430
33
1729
1502
594
202
132
2179
1134
796
501
20
1483
516
472
513
332
93
1848
1030
169
329
378
1945
172
81
204
402
1039
599
751
2139
18
1667
115
88
32
545
1268
51
550
752
189
1550
784
525
923
644
247
440
400
261
207
931
252
741
22
1495
22
230
513
367
454
548
217
133
52
129
745
838
56
9
293
1076
13
574
266
373
642
324
646
28
193
206
452
883
921
405
1621
111
129
137
227
1147
79
782
600
688
74
1876
182
13
816
239
365
749
984
259
1871
968
633
703
840
666
998
1004
1154
178
1050
1473
479
571
411
177
1669
259
74
459
113
396
1318
295
84
19
52
460
861
484
99
633
1273
177
346
186
811
1007
309
217
1146
567
306
458
1104
1155
266
232
780
342
1375
335
904
634
761
177
1257
49
1104
209
1232
435
406
373
456
505
546
717
941
752
331
133
101
425
122
638
353
249
351
762
764
459
897
417
693
199
271
427
12
321
785
1163
749
67
1226
699
45
297
1119
562
15
364
1058
54
1132
791
247
1226
433
39
213
471
416
221
89
203
261
5
1342
785
821
52
2
326
132
2064
564
537
167
59
87
101
788
2092
23
817
219
245
718
863
150
29
380
942
411
447
426
20
429
4
2375
1488
256
1378
26
159
63
822
287
1163
1416
461
1725
2672
453
638
296
537
679
263
308
741
90
193
12
247
542
476
135
34
503
247
239
402
1775
201
164
437
249
576
108
1756
340
12
371
893
512
1492
60
1789
66
558
46
100
779
65
373
833
155
999
382
477
311
13
543
861
104
2950
330
394
613
448
334
751
439
504
97
574
170
239
684
326
94
19
279
136
1200
101
918
1830
189
557
262
245
1726
703
272
409
271
83
831
309
251
133
783
23
266
880
6
746
291
200
196
832
60
643
460
623
219
20
841
1216
1316
704
150
1370
670
502
338
1647
82
53
294
491
1984
25
125
340
835
137
4
232
80
519
11
70
418
412
1277
469
2420
1564
1230
78
670
1018
288
437
1092
286
455
96
1161
629
252
431
163
644
232
566
125
1104
1165
605
27
163
37
741
345
827
43
1167
2884
832
69
616
567
325
5
823
249
575
137
621
2311
47
172
648
51
148
12
1855
571
42
1001
1661
1409
379
656
429
724
729
44
188
1538
770
146
427
489
447
1165
563
886
473
2303
538
1413
339
1933
255
1563
3032
221
596
72
759
10
513
314
21
684
281
49
1353
1553
1247
77
70
1014
867
525
3246
127
46
1192
515
333
1214
1549
73
1827
132
708
517
54
187
776
100
736
31
1164
301
25
1281
689
337
223
254
16
282
1352
192
66
786
1249
349
14
812
327
303
113
184
1008
245
701
580
486
68
411
710
996
658
803
374
864
243
96
41
339
1532
1013
145
274
5
335
1105
966
474
133
1018
88
866
564
2239
74
736
183
796
202
1169
921
556
2336
416
53
851
172
772
29
174
513
247
131
189
145
42
146
6
1855
327
628
107
318
344
193
149
643
993
42
757
650
1870
39
551
815
164
89
44
485
305
209
412
19
509
206
539
86
1462
95
786
186
1063
313
705
1367
1748
72
155
797
958
1303
701
963
351
25
880
203
35
184
595
1040
560
101
986
317
723
590
185
318
1258
225
863
668
165
183
1255
1406
93
1175
807
1053
214
593
386
13
198
169
849
766
213
3
1527
121
165
127
16
226
526
891
470
121
650
962
130
48
753
356
971
107
722
273
137
1843
1026
410
375
1608
530
533
1054
10
598
164
31
191
1378
80
356
186
808
146
761
166
8
175
111
1556
4
1254
1291
64
979
271
195
373
292
816
265
140
90
297
1215
197
95
267
403
5
241
840
424
1421
1267
678
178
526
1451
96
149
226
38
3758
139
204
131
9
1373
1205
1067
336
168
2003
549
249
902
219
473
175
76
43
111
904
20
432
97
754
91
1101
131
504
94
564
141
391
1184
675
146
187
330
1634
1179
433
693
1075
628
1698
1219
49
626
6
577
528
1205
296
1073
1302
313
275
816
15
292
742
1984
1106
170
389
283
496
408
105
455
77
407
44
8
311
441
98
479
543
226
303
186
515
136
365
153
1339
713
15
463
104
299
628
193
816
250
204
150
100
285
694
780
368
490
1370
915
47
1081
12
796
75
1368
729
204
548
977
583
1518
825
994
1082
675
107
44
9
376
492
430
216
334
325
166
838
330
518
564
403
171
1904
43
376
360
72
268
245
14
52
163
245
97
116
480
1207
4
280
173
578
771
719
471
128
33
1235
177
3
859
175
281
802
775
967
892
89
75
355
1415
97
125
560
653
23
1378
81
160
343
361
126
40
350
147
124
642
731
2977
39
1405
1265
240
267
198
316
450
237
132
956
43
224
1050
294
357
105
117
29
288
236
110
166
1
88
882
838
22
115
201
864
683
9
885
198
639
329
135
94
103
491
712
1374
651
4065
302
447
132
85
356
1084
166
260
1089
128
63
793
274
26
921
878
543
473
223
203
319
1009
913
768
563
301
408
364
178
354
151
120
1652
271
21
1864
1015
97
1313
401
1215
188
652
16
1875
139
200
205
334
565
377
340
1053
894
710
342
125
1646
51
1717
81
1220
117
723
515
291
676
2573
318
1773
2814
392
494
181
149
269
233
110
837
3
479
280
300
254
117
650
696
1512
95
631
599
2670
478
270
1473
2006
851
184
635
479
839
247
149
92
108
312
55
140
250
164
3273
289
747
21
122
5043
222
1304
171
542
561
360
646
1599
1050
68
574
134
154
1599
37
143
548
200
82
196
1407
514
65
146
1135
306
2107
789
3
267
262
635
190
476
61
1431
460
2593
297
412
68
185
428
34
377
587
158
158
1051
980
88
212
469
940
205
808
762
926
866
715
1262
93
582
500
1094
447
184
1981
269
62
187
192
2352
163
85
999
708
786
98
630
117
467
18
150
375
233
221
79
15
969
812
1475
135
447
118
103
31
218
244
309
1137
372
668
441
338
112
34
2095
308
57
335
832
454
188
97
27
401
417
1161
497
594
504
46
577
458
628
177
88
142
413
1377
710
379
1922
15
1180
173
180
19
31
983
23
56
151
141
80
1885
943
1081
1373
5
1383
255
777
472
271
146
351
447
66
656
19
1017
247
89
200
273
194
1369
184
1621
186
1010
209
1217
221
286
142
2879
588
642
331
859
244
859
1248
469
195
267
379
442
295
195
354
111
395
141
838
141
13
34
913
661
414
769
111
188
2328
673
1087
1073
1648
461
562
829
127
539
672
621
900
55
654
10
234
374
990
188
258
589
69
25
377
169
419
750
559
598
292
585
596
398
8
629
922
434
469
342
149
428
136
546
886
513
773
995
855
99
916
417
473
249
102
602
472
687
1003
693
503
563
604
303
1769
217
907
164
363
216
498
490
170
145
2989
752
312
565
333
796
411
43
1089
432
1137
490
965
11
540
485
383
584
624
251
2
245
19
727
47
1617
765
260
594
854
29
480
479
8
67
729
257
878
96
728
622
1059
288
957
340
1087
59
309
771
585
382
706
561
257
1742
51
801
820
52
259
498
1516
166
119
469
341
1259
162
488
493
888
86
213
56
1207
449
171
522
3
1484
1249
1098
470
366
210
14
1193
379
137
176
1146
73
141
318
1095
455
420
1378
3064
559
1467
814
26
19
913
701
766
1571
747
395
285
1224
216
99
218
249
1536
2879
162
56
543
53
1057
508
207
636
645
986
62
116
131
1333
1470
162
248
1390
1744
358
841
824
180
78
197
653
538
577
10
15
85
360
209
1121
1
314
903
298
180
157
935
79
1
448
433
448
57
1303
195
365
166
439
454
361
9
528
92
189
83
685
309
201
1608
114
519
246
877
12
806
1879
454
470
37
821
600
1426
661
854
179
490
274
331
580
44
233
427
227
119
664
354
13
234
2267
69
409
164
129
515
337
197
1551
499
130
194
34
61
641
144
1316
248
762
76
280
435
1299
138
387
77
143
25
13
419
537
1577
66
437
83
1551
1399
490
952
1042
102
1049
709
574
22
371
350
331
587
144
426
643
1936
859
443
17
2831
461
153
780
101
742
1140
205
563
382
119
369
15
294
282
418
282
80
969
268
562
1184
2138
1522
316
144
586
261
307
468
180
252
1983
216
669
100
765
365
141
108
80
224
1312
22
2162
12
9
977
1340
472
176
544
928
246
1112
73
405
789
89
263
607
1216
2086
409
544
78
58
223
890
649
1780
373
640
29
1329
1858
254
747
229
368
777
354
14
635
1350
1579
767
322
502
300
2108
244
209
169
474
557
317
313
1000
1320
706
156
866
479
203
340
648
15
649
55
1100
1188
402
71
209
32
260
649
15
1664
325
317
284
51
181
555
451
188
1823
1253
88
235
1599
593
233
339
1172
342
1105
1000
530
38
316
1490
14
28
749
524
180
111
296
1636
48
383
301
612
1964
24
688
828
199
241
2048
412
385
2820
1284
418
284
615
491
626
644
227
205
109
1269
51
59
337
129
730
726
963
364
781
1783
513
381
971
78
101
313
1141
477
834
74
735
462
438
288
259
320
75
710
1354
64
279
643
2664
475
529
144
111
485
245
328
431
2018
1494
88
469
209
374
342
672
576
500
242
32
143
1259
84
169
519
2442
107
138
1090
9
550
165
90
376
505
520
177
295
168
67
1218
336
1201
583
3229
152
632
745
578
312
156
1317
286
260
1167
435
1532
393
131
1116
637
276
655
903
1859
827
983
350
1719
702
67
119
43
1489
274
152
395
354
560
47
72
821
4
617
307
94
33
518
57
388
248
34
75
538
131
379
1250
859
117
45
665
879
296
147
211
556
310
453
211
86
164
158
211
1736
453
538
106
480
51
79
2494
182
62
1904
225
631
204
299
2209
273
914
1093
120
1541
157
1851
96
783
108
403
457
499
638
246
113
165
958
851
15
1487
1247
1669
775
1622
192
1941
36
479
43
81
1406
1706
56
685
1418
297
1289
65
725
247
1157
12
407
770
1413
492
147
374
167
596
201
376
361
485
74
699
282
73
895
106
342
766
5
260
820
1440
97
144
926
94
507
84
78
235
31
1053
541
263
2353
218
97
205
159
311
175
118
1552
1990
286
639
242
65
468
347
35
755
10
2011
1728
68
362
106
284
672
186
327
273
188
265
29
483
75
844
154
361
213
1961
2193
356
103
964
73
118
1284
119
259
182
226
337
1288
85
405
97
87
148
310
61
911
67
328
1498
227
441
1034
531
538
36
1109
105
792
36
641
21
152
405
2942
545
931
1985
257
426
535
815
1166
549
24
137
427
355
152
735
61
1042
134
1119
208
536
328
511
238
420
59
334
188
678
265
39
33
286
582
262
401
298
223
336
21
1384
500
124
240
81
63
521
254
2603
163
898
232
37
61
342
881
2320
272
5011
1230
984
3
255
777
162
54
20
761
161
136
118
42
514
120
501
38
42
512
556
6
93
253
544
90
326
1318
150
141
28
89
36
16
292
21
249
104
541
97
1608
853
2
464
1558
683
688
64
46
797
289
354
122
490
32
104
272
1294
325
1181
171
457
25
157
44
1039
456
347
416
11
601
909
65
70
1166
506
725
488
214
155
329
96
62
140
207
516
169
842
322
190
152
162
1476
204
566
108
2402
44
35
285
247
198
1029
622
1343
225
710
363
453
2485
537
305
560
194
158
188
392
677
814
2168
845
2153
1514
290
358
221
699
586
863
1088
281
840
626
523
759
333
322
203
185
567
456
514
285
310
226
352
1436
405
1227
543
145
1996
26
34
294
65
1630
513
412
186
292
158
358
118
383
663
448
853
109
537
320
1822
600
293
204
446
410
19
831
1386
447
166
351
272
256
416
420
392
307
16
1479
216
109
66
262
96
328
429
955
60
156
30
261
838
389
36
1416
207
901
3513
166
809
198
278
537
293
675
537
157
33
1371
130
70
124
39
62
414
468
763
300
702
16
261
325
658
217
232
968
328
183
166
196
817
961
580
891
127
495
344
1163
513
1496
846
942
159
452
618
853
849
156
622
69
145
539
1812
699
109
292
51
821
1986
331
537
453
9
233
38
1401
339
571
873
1012
945
36
339
117
138
718
991
392
1026
126
1510
553
521
144
791
360
131
239
301
300
670
61
38
190
1285
1300
671
166
10
271
587
361
841
467
395
41
1414
1077
509
162
254
265
827
87
347
1011
525
402
524
550
342
736
264
332
669
87
216
171
1145
512
1279
74
212
842
739
635
725
1571
1850
594
169
725
439
153
446
750
747
15
899
1015
181
731
231
46
446
105
197
163
499
174
615
19
129
133
823
171
129
509
896
1418
37
542
549
663
813
646
588
286
438
668
186
24
561
560
410
40
267
79
879
1315
131
704
586
360
354
479
584
1477
184
262
381
1526
225
485
138
475
506
687
1058
1560
533
38
335
683
52
2053
221
378
206
191
602
1353
208
840
78
76
310
2027
183
72
733
1580
65
3051
183
2425
83
715
606
107
748
637
328
374
594
242
1541
189
45
76
950
334
296
101
240
448
603
466
56
80
352
225
112
667
1682
1037
690
10
477
77
1659
180
62
514
22
114
648
121
386
132
845
629
585
194
809
327
398
682
969
283
142
1392
475
448
177
17
155
410
872
70
418
272
873
5
387
1422
800
525
1770
109
68
93
29
5
828
11
50
46
1795
46
517
207
205
365
448
1147
25
559
40
101
30
1375
628
336
213
184
269
854
986
55
122
717
384
248
41
439
327
413
849
483
847
831
1565
434
182
164
286
126
372
142
58
204
57
2293
173
419
308
376
440
39
112
34
1248
262
370
492
396
1205
131
600
409
833
1830
287
393
1302
338
430
5
357
185
590
754
1312
41
651
67
1117
149
598
378
815
467
135
37
648
217
390
1069
667
269
28
1012
110
711
195
168
659
82
977
718
287
1159
32
69
1240
194
393
1615
77
245
279
3
28
881
86
406
147
427
308
233
118
101
1062
131
204
650
307
910
858
806
1042
553
515
47
8
257
11
512
869
4
316
143
592
49
142
274
179
93
267
1193
963
891
287
1783
134
26
1686
2072
1339
66
50
1621
375
19
211
617
18
1064
1567
358
41
289
1629
95
846
680
628
440
1396
692
1926
344
270
407
493
180
1145
76
482
926
112
197
449
374
273
846
1968
11
195
1761
181
574
532
335
1977
983
609
1743
803
346
135
631
1722
108
37
2065
410
24
444
341
57
1965
983
117
366
2042
32
642
292
1227
477
223
1301
66
159
424
791
165
542
594
166
533
767
1511
437
219
117
431
1542
932
30
126
1197
305
274
397
418
472
141
1005
28
575
175
395
9
642
524
550
130
1154
864
251
475
873
2040
284
1360
12
639
110
265
1669
257
257
923
510
124
288
1218
61
299
323
4
508
552
1011
65
549
94
11
567
24
397
694
228
1506
268
75
796
36
230
174
738
57
243
119
888
225
2076
273
126
613
64
56
2600
350
347
932
236
724
387
276
815
1364
1462
107
214
133
897
449
890
481
720
1772
164
706
545
133
129
676
372
133
413
222
605
355
480
1246
369
85
390
673
569
16
400
511
38
91
226
147
138
264
1155
552
1001
502
1076
1
393
1238
135
315
58
343
2260
9
622
56
340
61
682
577
248
88
1667
286
277
613
401
337
344
470
18
2
171
657
945
928
772
133
1648
727
271
83
479
928
305
516
599
54
155
323
703
75
241
1184
1388
564
930
202
1303
224
91
853
1811
480
458
312
163
153
122
322
1353
642
123
336
454
212
1114
1400
517
352
1898
538
382
33
360
1564
639
180
397
609
1254
1164
1497
31
33
88
2000
1843
174
1170
38
202
289
861
612
765
706
822
31
402
371
108
1
425
413
818
837
1159
1188
440
582
237
359
302
412
614
216
474
154
91
1092
1535
182
390
153
177
125
969
1431
285
576
212
911
124
1791
338
3
746
14
341
78
64
358
78
222
1175
119
406
1167
347
248
695
1437
538
43
632
335
908
1217
542
1021
403
1076
41
624
294
372
1009
255
53
1118
1173
621
950
618
828
547
929
411
701
132
393
2017
302
3210
240
61
297
100
440
197
337
1295
87
2674
347
84
194
114
658
487
768
506
1289
47
355
58
1165
211
70
134
119
186
955
583
416
1438
1531
51
547
757
1336
1876
592
527
157
436
72
483
703
360
1755
1664
61
2963
677
1766
67
1454
488
189
1404
272
1593
729
63
75
656
610
692
49
367
359
157
939
697
135
254
663
476
112
446
91
415
258
731
363
169
61
703
255
729
2047
163
350
1050
158
363
575
109
340
387
338
304
115
295
251
618
390
369
228
114
138
1043
1253
1062
855
2056
649
217
293
24
1527
2098
1545
288
750
226
487
203
16
328
413
726
2255
857
2
1329
106
1360
1143
322
1296
410
2
39
141
774
76
256
752
346
495
438
179
140
162
173
742
77
70
144
15
1416
67
152
1196
1451
1377
160
1201
363
759
389
1623
1167
249
68
267
305
36
86
1547
195
891
392
951
631
184
226
13
115
470
328
250
682
930
107
200
34
84
1045
116
942
1264
1001
1230
93
293
156
2
1800
311
685
1451
603
1122
875
165
810
846
9
443
1739
3
371
858
656
23
62
299
23
102
754
59
360
1068
306
182
259
764
304
116
759
49
264
752
62
2988
331
236
1647
493
55
668
1051
374
9
3539
97
497
679
205
846
55
1438
95
389
8
298
1924
63
278
935
663
905
765
427
103
909
235
536
155
451
419
58
205
470
786
155
704
1212
617
517
79
240
949
55
972
33
471
116
244
848
110
729
217
480
107
7
1818
375
1754
129
69
88
333
43
60
1343
2209
40
41
385
302
77
1382
486
407
223
85
1055
1280
356
575
205
651
147
307
3469
495
1271
1386
1202
1018
682
87
129
543
1135
772
401
632
136
53
571
105
668
197
489
1029
323
914
506
15
1133
10
177
95
56
269
92
307
319
761
1664
336
1081
41
186
132
50
412
66
557
180
165
177
1595
271
562
402
1904
664
853
1047
424
1202
547
603
310
73
352
427
134
124
18
202
357
424
374
64
628
140
165
243
4
141
241
1573
178
794
40
408
522
298
2025
1703
84
191
268
218
1611
25
703
845
21
90
85
497
84
33
310
1294
996
888
126
1243
119
243
167
74
905
483
105
1679
113
2382
1836
361
554
538
286
156
500
389
53
114
57
26
171
349
723
1280
307
464
156
738
46
80
218
947
679
1072
990
605
1034
46
414
48
1741
446
761
907
329
1243
419
6
859
658
31
468
409
191
354
1296
1787
605
20
721
842
234
36
987
90
116
2134
332
25
75
457
1149
91
250
1260
138
54
81
50
311
751
218
673
323
559
311
738
139
242
2548
204
384
732
144
3081
543
151
1262
2198
1449
668
146
1505
930
164
1024
132
272
829
177
740
380
110
1295
158
14
642
1074
26
724
354
493
219
950
151
1101
1582
46
179
557
1758
104
57
51
211
8
341
444
487
152
443
336
368
599
548
756
56
313
197
385
250
1318
366
546
218
1448
1179
592
294
108
59
102
886
174
266
209
322
698
96
167
308
454
308
411
593
1770
416
201
555
724
499
145
617
142
394
1520
288
31
81
7
155
3298
181
1713
175
1778
607
644
894
752
436
167
161
233
232
552
210
153
258
931
1309
336
35
152
56
462
561
54
2151
28
331
568
71
55
413
869
474
1128
899
5
1517
1430
429
830
270
642
382
1301
91
118
724
299
294
440
729
668
624
919
32
304
667
986
178
190
344
31
335
410
862
42
408
330
682
44
197
244
654
131
130
871
464
214
66
577
142
900
815
1482
152
13
376
317
669
367
336
105
187
484
235
1115
68
2445
78
745
15
235
655
298
220
431
67
697
85
187
232
1885
1096
989
235
698
260
77
291
814
150
568
935
2326
1578
79
265
263
171
1178
788
638
98
1060
492
263
799
405
985
86
147
443
355
1345
995
307
2012
1077
607
2598
52
260
1895
182
143
30
1198
77
1620
705
203
122
861
1522
1406
238
423
747
833
402
108
221
3450
854
86
444
307
527
1092
647
527
645
852
134
375
154
1722
1257
969
367
15
1142
134
42
346
229
663
675
356
1240
370
492
211
193
412
254
1563
141
438
59
952
542
1560
223
31
209
342
1416
111
323
296
207
2136
168
990
837
145
878
303
2442
457
915
680
106
198
452
574
1571
268
229
1007
397
1511
316
237
194
1129
266
663
327
231
1292
683
43
487
955
720
75
888
1684
877
101
49
712
1242
8
29
4
244
234
1526
100
166
279
1081
1055
296
58
502
1046
378
1581
348
308
150
684
179
665
941
201
800
637
152
565
1785
256
325
353
669
829
1063
856
8
688
5
1215
260
1988
596
256
509
9
212
1295
862
871
44
760
1376
939
212
340
1115
258
471
469
107
864
40
704
442
49
1131
2373
54
925
1
1138
403
330
764
1115
117
285
694
53
264
1304
1
136
1789
227
484
71
426
160
346
377
103
625
864
179
693
189
879
483
750
66
356
667
104
45
141
81
77
314
74
2127
297
24
1099
373
954
911
267
465
146
2379
87
1140
100
844
252
19
672
162
1463
362
44
854
32
505
328
323
1909
228
307
531
401
473
21
299
60
1395
93
1162
599
78
597
253
191
857
744
1929
126
1110
1008
1308
79
81
44
463
1334
134
238
14
258
758
27
801
87
174
380
563
281
185
992
428
957
214
1056
2011
859
310
110
589
270
209
2469
525
801
560
315
2281
1052
602
196
909
1337
134
289
540
110
864
387
136
335
135
453
1064
11
220
220
42
12
154
116
431
665
592
134
128
326
1173
8
268
484
40
5
522
46
226
239
2014
52
292
280
555
43
83
307
1348
449
642
419
338
80
19
146
465
121
390
43
280
843
137
531
2228
79
190
185
926
750
89
405
1025
2128
2973
12
375
659
133
497
1751
1055
75
26
114
1680
298
342
70
949
1570
15
1021
143
253
2322
1045
1785
1088
182
227
1215
1402
1034
455
98
194
811
1091
450
2702
484
1333
544
307
352
565
362
500
1546
220
181
531
257
452
319
471
682
1383
60
279
797
96
1504
250
41
257
297
254
953
1031
98
741
482
400
351
145
591
4
909
834
348
1260
438
1079
250
664
177
952
513
1111
883
1088
197
246
14
328
2371
494
1669
213
167
317
946
452
187
221
135
457
151
2885
807
20
281
388
61
15
1445
5
881
1053
789
429
674
266
274
403
571
1870
219
237
354
172
874
125
301
632
350
209
423
866
3133
155
18
212
1578
259
156
149
368
1199
623
979
767
11
9
243
473
95
343
1118
601
965
2170
511
262
574
1324
26
42
697
504
380
818
64
828
1009
154
271
119
1042
65
381
326
509
172
406
2135
102
2
152
1549
1391
1311
332
577
271
878
378
1172
1609
478
731
114
683
1157
35
712
291
339
32
161
75
1405
408
278
1
363
588
1624
335
1133
37
26
841
29
466
146
123
282
729
59
82
222
155
581
30
806
2070
81
289
2172
71
138
435
192
479
120
44
194
184
1037
497
274
947
510
375
89
467
231
774
912
41
377
486
101
124
140
641
957
199
1
444
535
216
61
1460
670
314
238
144
930
2597
481
631
21
856
648
369
160
404
239
54
285
674
155
292
472
75
272
41
282
210
299
302
69
232
58
532
121
477
421
2144
121
182
246
980
4
26
384
244
75
178
491
834
731
1125
329
9
771
284
216
2393
262
192
676
314
394
1576
67
986
30
707
876
716
143
544
589
170
214
795
268
37
310
990
73
893
54
327
345
19
1667
88
278
24
292
190
35
403
1884
568
327
112
767
40
369
58
737
527
342
282
313
304
63
424
1194
956
8
716
127
426
2009
450
407
108
136
32
699
13
227
974
93
660
8
387
75
259
773
463
111
385
105
60
319
436
1962
119
337
280
481
479
538
139
525
264
1673
234
510
81
1017
767
58
496
2450
170
240
241
143
672
307
2006
243
417
93
1106
168
186
363
148
72
692
99
613
179
235
98
56
656
45
68
333
102
534
309
30
698
28
727
392
532
311
322
205
38
460
214
1490
1062
637
13
892
2263
11
2946
958
873
108
90
383
173
1011
409
853
375
75
651
210
441
79
1388
721
629
379
915
241
486
381
343
45
863
220
42
23
1462
59
354
311
262
338
190
66
695
606
580
413
313
664
27
29
525
391
545
411
579
50
1661
605
4
88
1202
1165
1423
971
192
938
1607
1291
1345
742
525
71
684
418
652
24
524
677
355
135
502
498
643
560
158
649
810
18
192
305
425
588
1286
673
1783
1152
2282
1331
762
674
18
1004
205
101
392
548
380
114
152
502
494
237
2012
102
208
233
570
361
754
634
5
349
141
326
547
61
419
501
341
1368
1014
798
42
293
541
802
112
271
322
675
1411
415
250
123
1760
709
379
210
72
210
478
898
359
976
202
239
1632
539
10
1221
312
239
103
243
207
524
635
358
484
345
153
144
1329
301
31
199
125
290
349
381
136
322
504
1060
116
162
114
617
916
266
200
604
193
224
943
302
829
802
1229
582
1489
227
1249
653
935
856
460
365
133
295
69
957
337
844
181
354
278
891
1580
699
530
48
551
702
1054
1887
713
36
650
53
607
174
37
488
852
13
936
259
304
139
69
667
35
461
2
396
639
640
739
1222
972
120
439
95
357
440
103
59
1208
1864
394
8
230
184
62
88
77
44
127
251
285
105
521
363
923
172
32
1113
62
779
324
474
660
185
874
135
427
1570
1104
33
547
1208
1860
500
335
88
482
134
565
255
108
260
61
126
819
221
1023
200
135
31
652
59
150
255
2868
1859
166
220
1023
127
1001
569
271
1332
130
738
743
2053
181
1367
871
308
235
59
389
1645
61
86
238
161
279
212
550
363
868
512
1400
471
403
2454
955
299
27
601
532
1172
479
660
271
174
408
854
176
23
985
60
78
34
655
629
459
620
705
119
193
546
1248
227
43
629
364
154
205
617
141
136
344
237
1195
1435
340
310
7
177
47
349
871
266
59
348
558
540
76
663
340
478
138
663
1397
568
613
238
151
613
637
58
816
92
106
207
522
626
401
951
199
151
201
413
697
95
1017
23
32
629
281
171
888
664
514
1597
678
412
397
133
825
1154
771
3482
508
203
369
946
193
309
217
2309
174
1053
99
1038
200
781
1021
991
733
1136
80
1065
29
1177
698
491
3
51
16
1230
480
109
973
1075
31
106
1879
67
369
3384
264
808
297
2170
527
43
94
92
782
419
84
40
958
65
85
27
785
764
306
70
1177
523
753
147
5
275
76
352
290
812
242
61
1087
704
410
241
528
737
1444
502
1709
1245
121
174
683
546
816
446
1768
155
141
760
388
561
1744
174
1102
263
3572
690
1947
519
824
64
1483
73
431
81
1163
741
391
89
744
933
347
105
349
1604
391
400
76
232
207
47
230
1893
961
1736
808
309
478
93
196
498
874
336
1375
389
762
2729
160
255
1567
479
725
33
1065
1187
170
752
464
599
801
306
66
369
190
121
1013
2
988
157
208
1150
128
219
17
171
379
73
1252
863
357
117
71
1170
264
527
631
802
33
215
308
1298
281
443
302
532
180
174
778
237
302
346
703
242
102
812
704
191
972
239
244
96
2222
20
1797
35
246
69
1095
1176
131
790
444
115
643
467
847
812
279
1002
244
1883
1040
9
976
1173
1919
527
245
1655
236
59
226
437
603
1396
500
371
518
166
972
779
48
210
457
1069
1055
34
282
1180
697
18
341
173
188
371
891
474
730
351
165
848
915
426
577
1078
439
477
55
1226
900
442
387
506
564
514
168
459
44
274
2
1369
58
253
1071
908
432
20
292
98
203
704
1020
1259
490
287
808
476
290
538
239
98
115
634
436
573
792
987
6
587
806
444
91
1515
867
160
88
500
368
92
71
568
427
1132
203
324
103
346
1499
1199
134
114
42
1397
401
108
892
1371
263
1443
413
382
298
1155
104
1312
443
716
528
723
594
10
412
373
99
529
667
428
71
199
328
1076
202
80
168
871
2071
2
139
2283
389
393
88
40
750
426
267
995
457
353
340
153
1181
301
877
138
518
80
142
202
241
701
152
892
65
186
1032
61
485
320
618
61
590
349
936
340
183
412
209
590
36
765
4
49
421
16
921
1514
147
79
173
488
113
161
38
576
1080
1534
216
116
120
571
428
4
490
278
7
1654
68
688
152
374
208
153
98
35
372
441
1639
1770
605
911
74
281
406
586
310
410
779
347
1321
26
370
999
496
379
117
649
1970
1901
1981
11
117
58
124
684
68
701
287
250
910
128
321
1243
99
1203
1453
1574
912
90
85
1960
990
155
233
1201
286
365
151
103
120
785
469
864
883
461
186
764
266
197
256
683
718
296
1383
1067
487
39
2319
521
182
111
1305
422
209
954
375
519
158
214
141
256
28
218
744
128
151
1258
1001
1058
121
120
997
555
924
240
675
167
682
1676
919
1271
368
159
298
1070
19
1142
499
9
124
365
258
1013
577
49
746
466
346
392
597
492
534
913
460
1299
106
135
395
602
204
225
594
105
34
527
951
777
253
236
9
511
276
1143
21
228
76
51
64
146
621
426
1010
56
564
74
374
721
340
283
123
450
2031
39
333
234
1022
375
507
2580
408
773
405
419
872
604
1474
690
443
870
361
587
363
96
242
29
436
1597
112
207
340
1321
2750
915
678
85
572
550
378
78
560
120
167
640
1700
97
175
522
559
329
501
35
509
217
661
1214
209
1718
685
101
1344
1850
258
359
943
155
549
296
149
280
517
88
39
822
82
216
368
483
190
247
72
310
183
438
93
276
163
277
953
376
45
281
409
262
17
539
139
271
13
915
1440
688
636
128
243
40
250
502
224
398
4
42
377
236
159
422
11
589
119
95
39
875
1942
1234
941
256
414
421
1152
570
101
404
308
160
147
23
452
872
441
66
189
2
103
836
1530
33
299
482
579
133
179
621
578
799
797
1438
252
987
2074
330
282
182
1370
437
939
26
654
453
15
167
87
1209
640
30
214
610
672
946
701
1534
482
48
256
873
459
101
2825
242
600
120
1567
18
907
108
14
1076
865
19
74
322
689
437
249
553
510
65
845
45
1463
364
477
110
832
28
111
364
252
2137
414
1183
596
1058
106
477
3354
468
27
1313
532
754
265
226
1092
575
227
145
602
608
222
313
14
141
1487
978
370
118
3
246
1073
103
1311
604
642
348
74
205
273
282
1357
795
825
1152
581
446
420
743
747
195
199
334
593
363
1057
952
45
862
330
547
198
155
32
947
316
279
897
36
32
2079
499
336
650
27
108
328
371
113
192
688
938
22
1852
1743
223
595
437
218
130
574
469
981
1848
186
830
513
787
747
1638
661
130
34
108
158
292
228
512
349
451
132
1384
399
886
155
543
101
56
976
132
735
5
1670
1267
496
748
504
133
146
112
132
243
7
7
128
1150
1026
1480
2020
498
33
967
645
1710
190
1103
847
1030
93
144
1855
119
340
469
116
357
51
949
6
139
230
856
53
1111
707
41
168
483
668
294
397
864
362
145
428
652
472
1832
552
592
714
149
293
362
40
278
97
878
112
17
1679
256
523
2306
2108
249
588
198
137
355
288
135
68
138
316
117
814
2247
138
628
1756
66
106
375
769
816
150
170
340
234
1123
191
315
375
175
249
38
182
5
213
682
607
323
237
275
417
423
141
1224
361
436
151
34
218
306
205
215
266
141
126
536
525
756
916
467
60
99
430
924
2142
509
302
645
77
139
17
92
634
181
105
1269
76
452
736
622
265
1260
22
373
54
489
114
238
138
993
474
1803
824
82
525
812
542
308
432
70
799
136
441
1705
481
567
35
12
327
350
43
7
113
845
485
266
152
212
46
1142
494
159
2
660
244
667
349
2377
105
16
462
712
79
732
321
600
9
194
312
628
142
1924
31
1105
187
2477
24
785
21
1200
17
344
1431
1316
1008
214
716
69
475
411
91
179
270
796
1197
249
575
78
201
1917
2043
733
311
1210
858
195
303
1431
151
137
559
173
21
41
43
159
287
1037
1020
186
279
161
360
3928
1760
822
261
560
115
782
1074
655
1063
1718
425
127
612
909
464
440
488
899
52
456
228
585
80
762
1080
791
17
48
42
1843
107
183
153
603
1823
540
951
622
144
104
204
417
292
745
538
39
315
1132
312
359
182
184
2348
262
1186
122
32
124
63
1467
608
628
305
1706
60
1034
810
329
575
223
1316
240
48
474
127
105
55
297
479
292
105
437
38
707
600
734
473
767
263
90
410
239
1452
689
1127
2433
159
417
350
654
234
1065
712
1087
1806
743
18
943
2311
362
36
25
783
836
95
50
2032
1185
122
133
262
65
2156
387
130
472
546
961
209
1545
903
2007
388
191
1069
154
380
1600
137
408
108
1626
79
87
356
345
508
1848
14
391
685
1566
11
859
233
311
409
353
81
632
1271
402
77
677
423
691
63
45
395
54
120
342
119
2070
1159
108
72
912
381
518
51
1175
434
861
267
605
43
732
1062
213
577
1279
1889
184
138
319
172
340
579
507
1389
732
3567
1500
98
160
5
851
195
93
742
905
608
190
502
311
217
161
133
19
43
441
79
232
572
873
46
40
337
421
16
316
641
911
556
600
144
642
130
157
9
1480
3637
418
26
148
1325
743
14
437
66
860
132
70
350
223
2531
35
1445
152
728
39
904
89
300
100
1529
159
486
151
73
262
10
191
796
302
513
79
61
745
1688
1341
286
37
48
445
3784
542
181
109
151
1960
580
971
429
488
165
964
1414
880
294
790
50
214
898
264
126
32
146
526
1793
225
246
29
1298
29
684
194
171
691
584
92
517
1663
258
132
705
1234
355
691
164
425
67
587
282
528
181
128
313
238
536
503
609
355
596
492
544
192
83
92
13
134
390
385
90
38
20
134
784
1031
893
156
3
265
580
1259
443
1460
1109
186
283
365
176
601
346
134
732
1113
362
365
71
291
183
358
360
176
328
1336
234
391
333
318
553
171
150
13
1212
101
32
65
361
1606
889
329
2195
864
1286
1797
438
804
154
2266
529
172
137
1691
526
548
797
1162
556
559
207
420
218
961
211
1417
102
762
494
1183
43
2282
1066
542
929
254
244
1559
323
1065
852
457
1027
118
205
299
549
478
1915
1313
155
1341
107
1331
233
841
277
685
130
840
1193
71
603
145
779
304
353
931
603
608
1762
990
1039
991
110
150
145
144
14
249
157
1479
524
1466
1644
151
444
1761
53
153
3564
182
37
100
1330
222
45
66
462
2036
170
303
137
316
653
453
419
316
111
49
491
318
236
1640
1482
159
260
458
1088
29
2234
1629
357
219
269
392
281
2189
990
1566
311
136
427
66
169
852
109
890
80
1085
244
965
548
245
517
127
20
690
433
598
607
122
53
49
55
1649
166
427
767
459
1567
475
820
402
929
1472
954
1009
576
410
676
508
116
212
98
869
21
566
651
254
431
1523
472
475
114
36
95
11
224
957
407
456
739
37
30
151
79
353
373
269
234
106
936
537
480
569
804
697
1189
2276
1431
696
78
892
283
2703
283
511
344
72
62
716
753
29
1839
202
972
228
18
459
928
79
1409
30
1089
770
389
133
94
220
743
205
416
1578
548
259
711
262
573
987
687
186
231
527
420
693
203
317
27
1309
112
443
75
381
204
575
188
418
92
270
826
24
567
399
1055
1120
1157
1488
318
91
546
2219
1338
808
192
1088
54
782
1329
66
803
150
24
312
633
630
809
425
226
1968
1109
45
167
466
164
667
1525
1260
113
54
1449
33
1144
1239
4
793
704
67
57
1007
723
697
842
235
32
551
1881
178
412
1800
483
467
194
1455
1180
472
1381
94
2857
249
879
70
169
211
525
573
982
128
1130
119
1271
740
131
580
67
1595
1211
608
1562
125
874
274
172
179
228
953
153
128
158
181
265
565
75
143
230
130
750
193
65
1199
642
202
539
848
35
257
217
248
707
368
1657
744
731
988
92
640
496
123
1648
834
142
280
21
1819
824
378
41
711
275
139
692
80
759
17
1153
91
285
2568
191
112
397
296
773
1790
2005
205
168
1119
474
228
336
248
665
1122
217
547
215
607
545
937
445
499
50
491
270
761
63
1423
451
1116
348
376
1144
358
23
79
168
528
446
389
263
446
1256
285
286
1052
933
327
172
459
421
350
1242
842
1994
441
792
426
661
362
1317
827
154
712
606
306
1116
1614
1603
116
1096
661
128
131
38
307
375
148
29
396
766
134
219
75
110
197
425
920
290
38
964
414
97
93
16
292
279
1157
234
273
814
84
71
856
75
515
22
78
1640
191
520
339
273
997
1033
315
169
339
163
141
303
1462
108
1237
495
1046
683
405
386
92
25
39
130
113
727
68
40
870
1471
511
1675
591
271
466
1840
608
832
175
36
259
80
36
1075
421
478
226
2141
1077
1187
850
1438
732
735
1150
16
1296
885
48
328
237
444
52
828
1516
779
314
254
272
1178
285
15
155
49
99
184
917
396
84
766
1265
693
3
33
8
48
441
203
938
1769
407
752
108
227
7
437
440
492
2449
16
1083
1007
372
85
297
185
774
625
237
329
520
1243
831
200
48
486
329
424
425
61
535
231
965
114
458
193
1134
78
225
1018
554
39
498
556
71
763
700
271
141
142
627
1351
175
276
49
107
698
107
200
171
7
674
964
321
109
223
884
171
233
688
47
21
801
267
713
1216
757
768
1398
1639
350
22
645
18
418
490
115
948
1240
495
81
780
71
152
730
419
146
680
584
697
1424
4
200
676
1962
999
304
861
2736
65
10
286
21
543
287
289
217
707
559
850
104
364
429
25
379
541
1049
421
627
1552
2150
89
796
2129
1009
84
977
245
237
800
15
1156
316
389
496
1540
159
101
476
184
292
381
351
754
359
871
920
1056
1306
811
488
616
386
516
1472
187
1445
593
553
196
881
107
262
1187
533
424
110
224
2515
195
870
643
538
1362
286
503
7
1420
84
70
323
1485
185
1827
140
289
877
90
72
86
250
485
686
1723
541
628
427
237
101
5
213
1065
709
86
211
1447
308
1196
324
1049
31
2401
914
54
167
477
68
343
231
1992
716
103
22
366
78
463
964
878
343
987
114
347
280
1251
114
563
427
359
701
767
609
704
704
314
1454
841
458
281
211
411
284
65
798
215
199
93
3
214
226
126
1159
698
673
104
665
725
146
216
387
792
46
440
220
38
549
176
54
498
7
1129
193
49
860
1643
347
163
1309
167
329
2832
311
1164
167
530
1410
247
43
152
269
10
334
902
619
1114
45
166
626
1563
1538
831
295
194
267
81
580
451
126
100
232
823
309
1964
84
1481
666
380
470
510
545
180
523
377
323
610
785
537
549
727
42
609
99
253
373
152
2678
706
52
38
140
2219
296
90
890
308
627
94
215
951
640
739
78
51
1577
58
131
1371
271
559
1642
634
1271
313
51
1336
540
622
785
189
81
103
81
99
106
156
779
254
749
117
706
580
249
676
2244
25
337
437
221
169
1307
366
2191
121
21
570
792
794
437
509
276
1944
284
225
949
871
965
347
73
26
534
762
1307
423
1931
353
180
166
247
213
48
8
343
171
6
281
318
205
419
397
503
677
209
672
314
1058
31
598
340
2297
2782
227
909
146
443
363
64
574
480
2609
525
163
177
1102
60
1152
483
566
224
258
248
322
559
298
147
482
57
1291
1506
1048
176
350
59
668
204
276
314
566
2057
510
523
217
376
524
1369
88
111
103
947
868
468
308
1894
208
110
69
1646
392
191
31
20
473
741
1237
121
842
177
72
245
896
318
188
747
151
666
398
646
746
1643
911
200
113
175
927
1082
153
92
936
620
577
39
849
604
177
33
32
388
12
122
127
335
431
138
265
22
1258
1199
194
1656
723
546
422
608
349
285
241
872
106
962
255
96
813
893
310
129
156
118
78
1205
119
46
33
72
899
641
37
353
28
155
572
57
36
1260
2550
61
148
257
232
55
140
759
46
1111
567
692
644
352
106
552
218
1082
361
67
390
138
626
22
927
43
59
5
368
708
9
336
234
599
861
580
15
544
666
1492
507
86
207
1
160
1081
102
1044
474
391
413
132
1239
263
428
608
1157
182
1253
602
5
344
1794
335
104
773
454
454
286
63
1954
518
925
447
836
70
47
175
3858
552
348
240
269
314
13
1150
636
449
85
122
511
146
53
88
412
418
359
199
30
518
667
1567
344
544
238
261
540
269
252
352
386
418
1112
310
614
390
278
180
922
294
1044
85
130
85
1568
456
382
303
127
525
91
45
789
1380
1181
1366
64
306
664
762
161
1512
761
987
40
654
148
140
142
116
825
613
308
429
59
1640
302
1053
115
439
837
376
822
323
208
109
368
43
784
613
833
412
290
81
30
142
82
2047
178
201
1087
121
555
485
245
406
45
201
173
65
944
1406
843
114
983
1023
1266
742
208
104
169
1984
831
794
357
293
246
65
175
113
1592
421
985
242
445
192
947
293
290
1613
977
823
1009
1277
123
687
27
240
406
115
19
603
196
22
56
147
431
1098
506
169
1241
257
188
110
537
216
110
330
8
401
68
1768
971
297
316
85
1828
772
881
2105
116
352
497
1978
226
823
264
846
1360
58
32
14
1254
57
1427
101
696
1268
294
1000
310
461
197
198
75
42
74
652
230
219
636
266
218
155
959
82
205
558
3243
193
667
143
315
50
550
82
2626
128
411
24
69
140
164
961
23
238
527
1252
324
24
1107
922
63
106
1007
595
1055
75
1815
1288
49
219
116
178
835
36
849
22
96
163
832
721
368
130
373
125
264
106
245
123
554
192
3
214
1224
14
307
184
1005
243
1978
889
31
597
345
964
693
13
544
326
463
1174
1979
180
449
732
44
353
9
225
1150
44
232
325
166
252
133
596
6
203
114
149
1251
126
614
133
814
878
277
457
281
37
35
255
196
632
365
259
1890
597
335
1363
71
532
319
906
2068
82
82
87
263
124
157
113
2043
372
277
1317
36
212
457
1172
802
1476
501
1192
144
128
1299
525
1306
449
627
169
408
31
860
43
116
394
23
1555
256
159
267
390
855
751
314
287
382
1371
568
194
526
1643
175
1458
244
372
864
2617
130
929
161
25
32
355
102
65
606
729
566
132
223
79
271
50
228
218
418
865
327
380
583
1231
461
216
22
663
141
36
265
754
1061
1228
3547
396
1812
829
376
1523
325
134
770
710
465
125
617
238
414
944
53
498
588
133
1664
1032
664
572
538
2232
227
681
1173
811
887
444
1984
52
836
104
156
440
1491
77
249
92
591
1157
56
207
427
226
1093
291
401
1038
1302
791
529
680
547
55
1030
155
289
531
172
582
680
692
452
158
243
547
3796
677
224
2343
585
1023
342
91
344
446
596
3356
564
81
1647
1288
505
18
1490
4
325
46
676
153
2908
242
639
134
821
466
1348
318
405
554
400
128
965
596
193
25
164
335
133
194
670
251
613
595
207
81
702
829
638
181
1385
220
15
843
102
25
23
660
259
777
3
1394
106
173
993
1150
577
337
140
496
701
478
438
200
50
238
254
1889
555
495
181
242
26
881
982
594
77
83
2008
263
411
124
181
74
1216
1380
134
116
621
282
493
318
756
1554
1054
2664
1299
470
281
384
715
919
667
1013
320
975
106
1
1002
634
300
534
47
618
130
854
1918
2375
482
584
256
139
53
349
316
363
1161
54
857
43
2109
1157
665
204
339
839
1842
149
153
1073
288
1468
546
123
967
1917
102
1132
449
32
356
107
791
646
432
68
158
123
733
561
1062
2041
1136
550
92
146
67
265
696
1924
1236
186
95
790
835
365
333
156
302
598
250
590
536
1144
137
396
459
1841
431
819
225
66
348
219
484
366
170
595
965
19
225
539
1079
1151
325
723
315
485
7
394
602
105
525
365
638
1258
739
164
102
302
326
35
274
1404
3264
599
2716
18
1029
25
262
16
935
16
1082
832
119
557
2207
512
1478
358
14
32
1399
812
992
67
2730
99
3208
775
942
968
211
562
227
444
318
344
1065
100
422
1280
768
193
1172
938
312
62
97
323
2308
132
1296
181
105
621
591
130
1773
4131
135
2449
191
60
145
79
40
365
496
66
827
70
261
1502
234
522
1180
727
608
167
953
29
229
168
121
42
565
363
751
117
84
294
1180
451
1023
632
522
1044
293
369
270
1683
190
225
1551
241
121
353
270
1914
869
233
1895
545
1405
2141
581
15
539
174
362
24
783
385
538
684
2
1874
1007
315
58
38
283
377
465
502
615
169
1582
224
498
333
54
182
493
36
2197
13
66
495
270
348
307
154
795
768
103
144
335
758
288
841
767
731
525
654
382
1073
328
269
68
406
3200
189
712
1456
915
86
131
784
2208
1584
971
1492
1782
226
432
682
598
100
459
1490
259
515
933
1858
98
816
428
2327
776
270
1803
30
124
161
367
262
153
1049
82
88
104
547
241
982
735
1315
186
1455
1698
277
132
1276
1036
631
494
538
379
1067
763
2049
1055
115
252
161
244
81
90
386
74
196
512
520
711
88
1486
284
647
441
571
157
462
323
414
48
393
236
196
180
374
94
80
56
923
345
936
141
97
650
1780
914
838
2383
1650
86
545
790
1085
728
761
236
667
408
559
66
148
354
75
1648
295
89
125
95
37
542
301
81
1810
656
447
53
910
1044
641
150
466
622
252
52
63
119
1418
348
56
80
2098
255
63
530
985
247
155
163
1053
684
721
86
217
441
237
937
143
302
203
824
486
669
838
92
265
423
102
963
585
979
64
82
744
139
221
312
347
277
27
101
177
1209
267
100
218
10
388
626
617
97
496
412
17
414
218
2380
383
31
94
34
165
95
69
622
656
282
31
354
928
711
44
367
152
684
1563
299
177
599
811
247
200
723
493
460
39
473
1044
417
94
278
529
701
437
495
332
1285
30
1257
1028
65
896
67
1024
14
1620
356
612
516
439
433
49
218
291
867
1053
518
646
233
453
225
41
429
632
1138
1184
132
52
494
111
1766
1115
132
25
183
864
215
586
165
591
1225
75
276
6
288
1207
876
541
469
1577
148
178
451
1566
552
142
116
26
1316
714
159
181
586
26
740
309
40
822
2038
497
258
1337
726
278
1055
123
22
1150
400
1044
25
298
2
219
187
362
328
76
499
150
58
808
811
349
43
358
32
564
330
322
270
284
1692
781
294
82
516
139
58
696
165
1
552
223
431
71
753
172
57
387
360
181
26
155
278
538
1158
268
1640
735
338
71
1204
1378
50
806
957
23
311
42
771
874
660
130
2334
41
109
321
290
736
498
103
11
1283
1222
54
75
729
118
1754
747
173
1313
91
1825
1359
94
613
51
72
273
304
525
827
695
195
2042
227
72
3366
967
655
111
312
427
124
288
35
884
156
203
902
235
183
151
1038
418
143
531
43
27
132
452
186
120
1147
844
365
700
1107
378
534
6
184
333
240
357
8
1988
59
823
707
788
106
411
378
951
388
140
691
120
245
577
1282
274
14
77
154
484
943
248
335
524
147
513
1922
101
71
554
1050
378
1401
479
771
465
447
1389
773
22
304
353
736
159
435
241
199
82
140
348
117
156
97
359
496
69
15
1531
207
180
1026
309
31
159
309
63
185
914
391
74
650
212
15
239
894
1055
229
240
187
98
21
266
918
1069
1191
60
5278
624
69
1348
162
629
404
906
354
59
421
1284
2459
1149
587
1034
168
2235
174
217
575
134
471
1764
391
26
1353
877
629
552
558
73
1308
235
310
1176
553
358
1932
393
1621
1076
442
1274
11
1447
150
8
69
1197
30
488
177
548
481
133
3162
153
644
17
104
75
1755
165
685
70
533
37
278
1211
95
709
707
263
320
174
122
625
17
604
16
603
390
762
132
18
1735
99
153
895
104
261
224
108
87
81
2693
143
72
87
213
41
1339
578
1582
1702
17
557
146
638
14
293
705
559
15
248
9
270
313
130
128
152
875
14
447
4
1275
25
379
779
231
17
337
969
154
1289
289
520
1324
208
620
330
52
154
99
689
1189
1323
275
2111
870
362
563
2926
400
656
142
59
159
178
262
75
496
194
1287
525
77
1034
559
20
546
164
1875
2402
244
1630
1298
439
1532
1000
212
27
54
613
306
479
442
49
711
298
434
124
2012
301
1843
138
511
111
33
207
191
310
285
386
383
907
529
442
792
95
112
887
1445
412
257
46
912
111
302
166
1091
142
623
195
965
648
462
660
30
346
877
717
78
575
933
690
543
91
443
31
779
149
604
922
3618
174
33
743
2034
497
671
135
591
124
51
214
447
561
276
141
56
1429
623
400
807
835
2196
273
681
142
322
2320
1683
1160
308
922
205
987
246
481
122
873
131
305
1178
144
1235
55
344
136
366
64
1207
447
1893
98
1352
352
452
532
535
161
264
194
221
649
200
414
348
14
240
15
1038
594
133
414
416
712
491
682
171
39
28
298
456
757
1136
176
688
248
232
244
79
400
319
1022
1953
892
1496
958
38
498
238
651
689
747
276
267
914
488
11
152
73
134
35
1154
94
16
291
53
204
977
1224
169
290
940
392
141
974
415
113
1505
81
890
2
278
369
154
731
3360
386
159
395
296
143
108
157
124
416
723
456
610
115
418
1165
773
680
230
538
230
256
1062
878
544
21
435
789
1305
690
1058
360
424
351
1188
648
876
295
182
706
686
812
674
509
1553
47
114
156
1649
324
2001
2642
556
418
154
344
250
417
487
741
454
2107
1986
763
769
285
615
954
123
71
2980
23
1119
813
768
1169
469
336
176
202
8
236
561
170
137
382
239
689
182
1680
15
1083
1298
156
221
1325
206
1748
439
240
304
65
287
458
488
366
77
163
292
160
508
937
592
486
100
151
275
534
564
820
281
364
468
272
696
1105
427
390
1189
99
426
1088
832
713
174
524
652
23
53
215
284
627
246
129
313
91
254
246
30
2320
1958
1762
99
1014
59
484
840
474
1031
884
1391
94
1026
1667
1016
544
209
1177
366
607
260
607
1781
553
587
365
234
993
305
1046
1816
56
162
1111
325
122
945
82
3248
1208
117
713
26
1038
440
316
1229
1784
1620
1046
449
71
112
651
1746
111
77
720
323
612
23
124
227
335
645
731
806
45
328
1589
558
356
172
443
30
231
2618
1187
233
77
455
612
917
783
19
267
552
473
106
1066
1130
11
36
1102
825
471
1456
1361
2391
1243
1530
749
12
30
66
444
139
852
400
221
1481
536
1423
133
456
126
150
413
1624
284
380
601
495
225
524
472
135
1057
45
591
610
1126
39
550
691
683
1188
1445
779
134
79
698
1656
376
745
121
157
753
42
1110
270
601
500
16
118
398
685
81
179
1127
245
89
57
197
172
76
941
25
476
50
252
176
481
227
2480
49
51
46
300
175
621
1571
227
186
149
328
565
406
21
1461
323
599
424
162
34
217
710
794
133
2082
563
2435
1839
2253
82
771
67
157
1397
1120
213
317
291
791
285
1168
689
422
62
521
97
571
109
184
987
564
1
279
5
484
328
59
422
245
232
322
200
270
429
151
1844
1416
1878
350
1479
105
154
80
494
1073
115
145
485
2664
700
249
1147
1171
244
318
2728
432
272
863
209
681
74
255
347
538
1442
48
837
1084
86
396
387
3485
873
1475
1170
1186
249
107
242
865
101
398
626
558
222
787
1098
1377
386
423
405
276
278
520
95
527
1546
825
1320
992
223
426
2804
64
962
62
1018
472
119
202
724
795
1049
1309
76
1230
106
313
350
258
1063
226
1382
953
348
2479
384
737
151
278
270
557
1275
442
57
6
1091
705
327
395
424
203
1019
629
1019
746
370
311
118
912
180
199
252
19
223
902
379
2035
252
1557
1266
38
636
501
53
693
338
1651
1657
511
246
327
244
529
64
594
166
341
304
118
312
391
337
1111
141
179
238
662
351
44
125
170
537
9
895
660
150
572
511
1197
1868
1251
1101
1064
766
51
1169
148
2852
83
793
175
315
675
171
110
884
260
401
720
110
627
284
215
58
209
24
246
91
841
535
469
1484
1364
561
801
557
141
395
418
137
241
116
3333
472
235
122
488
371
22
359
806
326
115
32
318
1861
191
39
246
1461
1500
224
272
390
1026
340
828
76
457
871
441
495
1511
419
1813
95
69
149
528
1711
341
575
16
1925
310
1402
294
207
157
678
431
2174
122
388
37
356
66
106
966
161
654
1333
1240
873
1489
3024
270
405
445
1853
486
1130
257
552
317
38
409
630
538
154
522
353
828
25
281
1831
489
613
1424
632
135
813
1126
836
368
3
162
770
444
119
162
1013
41
208
578
2227
146
626
231
24
74
21
450
401
467
168
529
1358
100
278
144
60
263
318
435
291
63
405
289
79
296
1631
933
197
365
1223
120
103
392
307
214
533
762
107
50
319
40
1630
84
60
79
930
683
526
51
515
25
323
134
1007
349
113
68
135
578
91
2270
36
905
175
672
67
109
25
229
1070
374
1194
63
265
1107
751
27
930
431
612
1235
101
299
313
1821
1100
73
151
1135
1676
246
269
869
1225
174
2082
596
561
47
772
564
702
27
913
1352
163
41
739
467
116
367
26
205
86
278
176
1009
165
947
651
1279
611
405
562
266
52
506
155
353
41
115
120
1021
1
71
173
80
287
110
619
47
150
97
21
401
869
333
639
480
53
71
364
1180
190
3
763
820
1159
836
526
519
1357
152
847
209
352
394
980
30
169
751
587
568
193
148
442
178
122
313
850
50
119
70
150
95
141
336
588
42
543
174
78
383
594
582
325
37
586
226
437
339
424
38
750
183
533
488
890
186
1333
93
745
1389
86
862
246
525
668
639
1199
1509
539
226
662
684
589
63
444
140
325
102
449
836
462
675
234
35
237
549
106
314
394
555
780
160
988
58
359
917
373
671
1146
552
219
828
100
407
13
335
165
111
9
690
323
505
367
226
120
690
659
355
1029
94
12
1273
235
467
771
517
533
77
198
828
145
747
4
333
1690
587
48
51
238
224
171
144
420
53
407
220
320
1071
176
789
1073
825
1551
1385
39
929
59
827
304
130
40
1058
725
110
474
495
684
1027
926
157
1013
10
1048
330
49
837
473
65
463
181
129
1644
178
1616
1074
360
384
373
903
426
591
766
386
697
1073
855
1209
511
98
442
1039
658
717
1704
47
1368
20
502
1215
326
374
1370
1057
1071
1937
170
1177
332
260
327
255
2315
556
850
139
1602
145
1113
1761
92
254
95
58
193
54
273
520
409
646
584
191
471
636
716
648
498
447
53
340
512
734
622
135
1725
257
540
144
254
403
1405
165
1589
211
80
24
1058
215
36
647
433
45
19
249
646
5
316
95
1
1459
7
279
1342
147
52
1109
1111
314
49
220
1679
398
1217
1137
285
916
350
109
83
107
936
682
288
391
701
234
582
371
273
94
28
246
16
696
172
714
116
69
51
324
314
183
390
1122
60
286
147
164
527
215
70
211
206
114
1010
552
907
852
250
95
94
2507
225
2284
1458
432
573
871
1881
1926
1297
1118
344
309
831
365
797
873
175
176
2470
587
220
660
1656
809
236
471
973
781
256
104
174
959
198
398
256
21
149
202
672
1187
218
137
1569
601
184
2
209
1676
117
153
686
259
1078
565
429
212
475
980
2020
264
302
290
215
21
359
109
722
45
858
97
494
279
59
750
489
1491
127
1511
801
24
456
623
91
5
277
229
371
137
48
1387
126
1450
126
326
107
1154
10
288
141
1221
317
515
411
132
229
365
473
142
57
204
995
221
680
1176
344
415
605
1250
9
825
216
223
129
748
20
1381
554
481
968
75
630
455
64
260
919
501
1168
422
261
60
459
616
390
802
1773
996
176
232
156
981
152
162
117
182
3277
1138
191
1057
395
763
547
1148
647
472
276
1144
39
299
1211
490
664
309
94
442
384
1804
707
825
93
171
389
1209
173
984
1226
1401
72
4
239
22
770
179
232
650
218
86
380
389
239
270
324
232
53
120
623
156
199
888
159
221
228
1664
582
2427
164
384
284
919
76
1634
636
1177
74
1108
203
942
90
315
1331
1406
82
2223
158
107
454
2292
1096
403
436
951
118
762
796
729
74
719
225
440
410
621
582
303
93
63
15
373
884
48
1942
846
127
187
170
138
357
186
309
337
185
89
366
831
141
262
194
1306
96
420
426
126
4
101
165
172
7
535
988
52
43
289
338
625
920
759
311
135
977
1089
824
1634
37
214
96
740
164
3
1024
508
120
20
618
449
1216
1302
555
51
85
251
45
57
299
850
251
90
647
764
282
167
354
360
530
156
191
1464
167
623
366
2995
370
65
68
1120
1227
132
338
1495
299
697
582
479
221
114
349
533
781
749
422
12
1668
353
287
1532
611
605
681
492
806
1864
373
861
111
341
1374
273
76
89
82
141
134
483
331
259
80
445
179
156
539
1057
307
1416
520
348
1058
1439
383
336
1006
465
140
124
18
663
200
348
941
414
2874
521
229
1285
348
58
466
779
707
31
504
906
1160
77
337
661
23
791
225
519
1302
10
1364
1052
1313
206
165
247
177
144
237
183
975
68
142
493
36
172
728
613
2
298
64
143
248
130
903
243
866
300
211
470
504
447
88
239
124
73
814
103
155
266
158
253
952
73
515
124
593
595
346
542
2825
398
1144
15
500
2445
190
298
1330
922
13
285
316
676
228
554
404
275
191
141
865
162
738
2092
267
486
869
128
125
299
612
562
8
84
305
1086
220
83
725
485
134
192
55
201
9
45
668
1421
743
10
650
138
114
261
830
483
876
57
1773
425
940
175
94
770
389
200
167
236
298
683
364
390
548
1718
139
1327
1675
119
56
92
295
103
2498
1204
557
1327
471
395
72
380
1858
376
187
349
561
740
714
298
1061
42
111
369
1581
12
573
126
332
509
348
184
113
98
440
372
753
2177
855
478
885
107
323
511
230
754
469
270
1047
201
560
826
735
198
137
108
1672
181
1646
938
164
117
18
982
599
12
258
46
245
87
763
2156
666
196
190
308
1069
235
693
607
172
355
1643
1438
291
271
822
122
102
1735
363
384
550
1292
858
1036
304
567
80
244
560
11
1132
1928
314
588
1201
22
608
155
235
820
406
304
596
183
767
4
211
408
507
788
209
11
541
1497
169
1363
173
1469
1299
773
87
541
939
107
1026
830
287
376
1532
24
54
1
123
640
841
699
415
200
70
9
1031
226
862
716
500
169
154
41
128
1554
90
571
357
2200
311
438
659
432
893
289
494
46
642
844
302
359
825
113
1471
968
489
246
1446
1128
1227
149
437
826
330
468
559
372
360
1194
239
410
93
969
447
495
977
238
220
664
65
158
193
142
1498
34
1383
592
1508
479
734
172
310
900
1383
123
847
152
341
235
1045
946
104
285
474
1112
1005
284
111
704
282
324
254
15
317
2008
483
1606
680
297
1838
816
437
155
470
136
76
215
735
292
496
2881
669
370
2278
445
161
830
344
665
302
81
458
142
849
568
642
567
92
320
457
154
141
578
888
430
29
463
61
262
2350
1250
839
287
217
416
1678
1242
96
240
1190
708
59
103
19
84
1718
228
161
101
57
774
1228
592
236
258
57
238
373
380
213
249
84
817
469
692
53
224
6
275
1774
533
521
1397
312
10
250
648
746
304
681
182
947
169
169
695
329
189
682
374
454
529
633
287
9
559
446
246
175
724
575
47
39
710
203
179
586
291
359
66
98
2306
638
1459
205
126
173
198
1093
144
178
377
903
878
435
12
129
357
700
537
140
120
535
1219
73
418
2070
33
83
1016
2023
44
223
604
350
46
424
366
11
12
346
93
486
867
811
1635
257
662
180
1083
1050
103
18
198
185
591
983
58
24
1044
528
55
253
153
844
571
258
35
1218
514
7
157
522
1004
365
612
1018
80
52
265
6
387
274
579
4
434
549
665
742
1895
66
176
6
340
85
1085
340
411
515
76
1941
411
288
41
294
1013
254
1
1245
280
2
509
178
199
439
239
790
213
482
285
80
28
1403
223
195
25
1132
704
1071
134
4
717
676
1765
549
1419
249
562
375
724
178
27
177
204
2414
495
615
95
590
1727
548
148
18
113
730
36
278
432
439
742
787
600
194
622
487
16
14
701
52
491
1589
1229
915
277
691
304
567
46
644
185
708
1397
1690
766
149
889
60
637
1334
106
103
620
809
899
382
67
802
965
544
855
435
71
1001
359
1001
644
607
152
1746
94
12
69
1114
208
413
93
255
55
469
111
998
1646
302
153
516
350
1831
250
104
1248
121
349
899
321
601
432
262
515
1255
48
188
60
900
36
280
1486
493
69
96
81
909
99
518
221
243
1290
470
1275
209
722
504
1037
52
526
202
594
80
406
833
928
2212
655
653
56
263
811
177
624
164
123
444
957
560
760
220
66
727
772
199
1079
804
15
292
1391
99
902
636
201
1335
184
616
144
555
1315
598
2050
250
257
410
1661
71
733
810
555
1867
1178
165
286
360
705
276
522
177
246
94
492
891
629
1384
226
314
1124
617
88
688
1475
1004
147
1808
315
684
14
1510
423
136
653
131
57
317
428
80
225
205
58
328
178
396
259
215
127
943
416
260
274
380
220
407
701
431
461
295
454
123
1104
170
2
465
940
1451
854
276
90
1
641
1163
23
360
121
49
51
349
311
16
528
1591
460
927
9
238
637
2244
1180
730
1342
12
1424
668
342
112
247
270
1117
42
175
1086
62
565
487
141
143
653
510
643
1861
1
890
717
2090
1384
83
2
524
1490
2522
151
94
80
1729
119
359
431
521
184
1529
2323
612
224
180
1489
33
218
32
66
42
1251
975
165
750
182
347
461
203
539
304
159
1600
103
166
1290
751
93
783
934
349
677
202
197
270
103
149
844
697
270
271
598
429
103
237
328
322
385
767
195
619
68
777
1336
679
332
1538
272
173
144
394
126
66
528
443
608
178
126
1839
182
438
87
345
103
549
142
263
395
48
610
290
10
217
375
52
68
3
264
787
1698
103
853
314
1473
622
925
467
1136
1821
445
260
163
479
1345
485
1306
123
21
819
172
479
17
118
16
779
370
1250
385
383
1613
497
509
186
259
164
491
256
329
1118
21
800
30
1181
147
465
185
3354
416
728
587
93
2366
1736
23
403
70
289
531
693
804
446
763
243
296
153
917
1293
521
1635
791
520
2284
148
519
23
674
655
369
275
2130
157
14
85
274
449
103
660
302
357
176
38
217
712
16
920
1284
1888
1797
981
1263
224
111
851
96
681
166
869
1208
388
384
593
141
623
52
96
197
260
108
172
1044
333
1149
2691
646
360
935
1900
208
673
162
655
469
565
1487
78
87
422
1019
71
312
672
346
220
199
1191
90
796
552
1309
626
74
1732
1225
464
1747
48
1494
972
2350
318
1193
32
711
48
250
760
304
28
310
766
525
163
819
75
444
149
34
30
543
457
215
402
84
305
415
111
631
422
1097
386
199
44
864
206
571
404
547
275
746
303
19
347
201
1405
468
156
273
270
311
905
260
457
170
304
1571
757
50
425
1017
46
365
167
1678
193
606
336
100
593
33
501
230
487
63
1556
357
161
313
309
2315
1177
1470
49
304
109
1115
3
940
773
240
36
179
1889
252
54
25
1448
369
19
383
563
19
712
438
319
177
535
766
776
267
1652
756
128
112
1069
1626
1123
158
2910
57
92
118
416
112
451
1134
34
1351
16
220
952
954
660
513
43
30
529
9
413
1492
298
75
436
82
768
742
96
1102
326
800
242
379
1204
84
388
736
1198
2096
42
647
16
325
379
221
713
166
616
16
420
885
29
667
366
391
376
722
3844
430
43
314
363
101
304
803
810
226
315
34
580
1214
325
30
309
592
211
59
1242
51
905
467
462
842
2150
58
393
1
111
213
1026
313
717
1282
791
424
1056
190
289
1476
2028
1889
497
1057
277
221
543
437
837
719
25
754
89
1818
208
542
104
58
85
512
56
4
168
292
108
1977
853
193
6
685
1211
267
420
484
499
472
404
1430
150
102
392
208
1092
199
704
25
8
1297
1290
89
110
710
636
596
56
2
339
12
289
97
607
689
780
127
295
1096
593
1993
603
1155
167
229
1032
334
362
385
89
514
1243
837
607
209
988
432
1171
119
1095
64
503
716
315
284
596
95
21
697
1359
657
16
221
1174
1806
54
961
1107
657
1094
2548
292
217
108
340
128
1626
169
401
35
396
596
377
309
256
991
1006
7
82
209
39
218
53
254
176
97
540
35
753
72
101
910
182
1293
919
37
3
159
70
525
1242
152
349
73
302
107
723
448
27
31
776
347
108
277
497
1753
122
464
164
139
188
44
920
245
1752
346
415
11
1255
1275
42
1484
205
54
699
2351
636
190
117
1011
338
289
478
327
475
164
113
534
209
385
35
256
920
461
125
180
426
711
1980
516
433
2267
310
881
84
59
101
453
1059
55
2539
210
94
271
1503
306
307
2300
200
92
34
472
24
127
653
31
719
266
1359
42
809
1032
670
1517
335
179
1254
867
364
97
422
595
135
903
459
221
105
1895
98
10
189
354
85
780
266
157
309
15
559
1328
229
6
1616
82
73
177
653
513
488
619
25
3279
200
268
2256
636
538
74
560
77
36
75
344
419
314
219
424
142
14
540
407
531
492
915
54
1350
248
68
181
163
237
386
324
463
1389
302
724
876
236
1127
526
802
448
905
1306
1454
37
294
1611
116
552
873
580
29
1121
168
1442
426
181
307
2116
1222
1005
99
738
71
379
1079
591
632
1084
93
279
411
22
441
25
361
30
8
124
38
757
1667
667
185
557
1176
475
1376
968
156
425
1409
193
778
810
422
224
38
75
28
1016
57
169
581
566
852
329
485
1347
12
1565
103
1214
42
1251
664
947
944
72
829
27
174
526
311
735
27
121
1031
171
10
260
1253
972
43
1220
327
139
302
106
151
447
53
735
500
651
592
253
1199
631
367
445
71
531
121
1322
381
435
503
121
999
747
143
228
602
225
628
663
1844
1025
1713
103
841
268
142
19
692
572
437
1000
611
175
168
490
344
1168
30
134
764
162
605
139
222
246
893
2014
189
826
384
353
550
489
259
1163
365
19
584
215
12
76
61
724
1638
199
75
953
672
673
1698
91
650
80
1021
80
949
93
310
14
1118
87
68
37
205
494
189
48
2223
277
107
1626
79
480
649
192
186
576
370
387
342
2077
777
1344
1307
309
232
351
58
410
111
93
1001
182
106
689
1380
15
229
482
37
632
491
812
419
97
522
309
60
179
187
777
185
1226
136
185
406
1390
1
666
339
784
738
104
714
297
1465
423
565
381
292
409
433
943
466
757
2301
2254
86
34
54
2692
90
295
1745
220
1245
1282
217
410
637
180
82
42
59
1338
703
2208
744
454
703
29
147
479
155
489
349
2185
47
384
78
140
1072
71
1746
307
338
803
1055
623
4134
54
853
101
157
131
109
92
258
557
994
1745
611
18
368
610
65
101
866
450
418
943
618
666
935
250
422
620
469
38
104
452
1659
365
429
516
289
502
371
147
268
329
36
78
69
398
706
290
467
643
955
1548
1408
396
83
67
806
585
1071
515
1057
1130
357
967
66
19
27
2130
1115
8
131
127
277
1645
466
152
51
223
472
730
126
662
26
209
459
285
1525
431
295
97
137
174
1118
289
99
142
21
1379
652
269
1669
90
452
719
1241
616
472
467
125
5399
80
289
95
622
969
318
364
892
836
30
1419
959
583
425
127
596
2753
1411
801
907
317
64
560
387
547
361
80
328
356
750
57
382
395
318
443
370
390
51
361
254
1706
185
2297
253
52
146
441
399
943
849
415
318
560
134
691
244
577
46
116
2182
585
1057
434
317
265
455
621
1795
171
116
191
1064
532
471
803
117
289
498
1140
250
153
398
399
1085
1214
1723
433
212
680
659
190
864
1988
394
1847
666
1085
45
41
1469
86
288
155
610
592
653
145
325
1140
240
56
1915
5
51
20
289
65
361
506
82
380
119
471
790
406
769
704
512
772
775
262
30
492
559
351
452
238
821
319
17
61
40
14
156
335
345
1183
1245
2002
492
4
1097
928
480
439
91
819
870
1751
263
406
97
33
306
981
1033
38
158
1468
575
1536
891
523
213
345
626
518
730
29
444
513
202
657
1168
856
805
12
1879
398
433
2230
195
781
29
166
13
258
68
477
62
383
545
1361
507
927
465
159
222
546
594
1766
32
111
399
1026
529
23
13
110
1587
1449
180
35
257
168
1458
69
177
241
227
236
2063
150
558
173
633
827
342
2877
1201
178
853
154
1194
956
334
23
719
154
192
331
1208
3
608
172
1033
621
54
47
89
231
381
479
1121
1637
2091
423
172
111
1147
745
417
9
1364
275
1421
28
7
200
1589
264
233
14
187
428
46
114
62
889
574
424
1046
315
471
194
406
105
1022
618
193
167
927
2622
1100
516
21
171
595
322
1415
238
164
538
108
455
754
1049
35
275
85
356
19
221
814
85
30
115
515
2118
2267
36
145
327
2466
317
576
920
81
209
382
1562
648
142
76
572
311
435
189
189
537
576
923
535
212
744
1250
33
242
458
1147
34
543
885
182
20
260
534
131
59
1399
351
311
1107
74
477
131
240
1332
64
257
276
151
776
36
219
153
342
715
292
478
264
367
780
9
156
518
94
28
224
39
381
56
12
243
80
566
45
17
177
105
134
173
264
475
1
463
928
615
1233
117
535
188
29
257
42
5
575
289
458
67
1074
324
171
206
255
169
777
1110
733
994
306
503
250
1742
287
1126
144
270
2788
388
1891
288
227
254
123
149
187
1193
63
1873
52
201
265
366
238
74
959
647
65
1692
130
27
267
565
1104
1537
293
609
345
130
42
514
330
672
353
154
210
169
115
505
444
227
999
384
301
301
1470
40
351
12
191
343
382
265
60
64
33
78
1223
44
392
336
326
115
74
370
252
840
376
200
66
340
782
230
808
321
2189
177
88
691
206
1632
176
216
349
264
503
628
97
1014
428
155
67
1615
1883
163
690
311
1434
945
1176
2296
177
439
1594
547
207
584
94
227
350
341
524
444
328
1365
433
594
47
408
1349
16
574
299
192
70
123
497
1981
163
141
190
1047
448
323
587
518
171
23
15
916
251
203
140
895
397
718
1357
1147
225
47
643
36
1042
306
326
656
161
1476
2489
696
345
238
475
470
246
202
1
153
1570
1315
602
578
170
280
129
598
889
323
42
390
460
835
1154
2316
236
226
1884
2119
213
166
211
62
218
1200
1047
334
409
25
2495
478
386
25
1724
686
677
921
658
58
153
612
25
992
180
1433
294
128
23
2540
171
437
153
1218
864
745
577
129
448
155
732
404
270
1511
1251
7
170
338
428
1125
35
454
177
1279
182
1023
259
558
163
334
107
732
536
84
580
946
1
706
369
562
456
2992
131
1126
218
1193
419
771
431
3389
80
391
558
2774
2255
1425
42
49
330
1324
65
1835
687
74
52
500
65
232
427
523
48
59
301
339
183
107
439
390
2174
18
637
262
969
535
163
743
1142
314
720
681
1876
342
1887
554
2414
438
606
228
225
191
1868
68
770
134
1031
1132
693
363
321
1133
574
58
1608
23
108
90
196
349
1101
535
4
563
136
787
1085
1176
1190
194
2168
268
542
916
1884
1597
208
558
299
573
353
523
319
319
637
420
685
26
373
85
190
1325
52
232
184
295
157
494
39
1066
410
63
113
740
288
1008
280
916
757
3865
92
66
49
1657
327
9
1468
4
320
99
652
482
658
197
200
227
23
1063
843
1525
177
578
85
192
3215
50
68
498
124
903
455
138
966
74
1108
114
1081
352
650
427
584
346
159
441
519
1000
142
618
378
801
320
1055
771
12
1367
1134
723
568
533
851
482
185
616
241
832
1059
100
56
138
388
794
764
1341
89
480
603
142
694
482
707
709
662
368
497
149
40
405
1019
236
60
58
395
397
491
34
219
993
48
370
171
498
919
1015
16
371
2940
814
357
69
433
831
453
80
571
598
1185
291
593
1690
738
5
317
56
1265
100
524
995
1448
327
346
7
293
557
41
121
1036
1192
574
22
64
1104
142
786
112
698
105
1069
755
711
424
13
167
280
117
180
209
875
506
622
123
138
223
610
981
96
453
730
862
859
1
128
931
88
876
207
382
680
136
113
772
31
1037
1379
510
82
425
140
652
100
2303
31
2405
285
62
154
1072
544
334
603
1598
928
73
233
1172
569
607
191
121
187
192
200
289
532
100
69
400
42
876
559
109
1077
214
1869
2160
8
356
285
58
781
613
592
199
218
223
411
21
230
271
1238
209
93
487
184
1137
241
158
598
1950
1238
931
1579
1287
321
540
101
103
877
1141
490
809
618
27
346
197
346
102
174
992
1199
191
1140
401
1743
70
92
403
126
516
742
340
22
596
441
1198
248
523
195
130
634
309
300
242
961
75
181
784
499
1681
417
842
289
249
487
786
338
71
834
11
1278
1077
347
374
532
348
2133
773
31
272
546
580
1087
1075
165
7
41
390
320
674
358
42
397
105
172
805
206
447
222
630
1317
575
432
199
1061
1163
444
79
664
22
124
147
349
565
85
158
60
374
453
557
416
1844
115
31
115
159
1733
1372
383
88
213
1228
147
378
182
2
1426
1079
373
281
514
388
63
90
482
1635
642
42
1093
100
440
70
328
142
45
41
30
481
401
759
444
1989
2334
238
332
60
226
110
493
571
51
601
852
327
47
1378
155
134
16
1288
822
68
121
20
60
385
787
598
262
890
897
638
127
135
295
386
303
484
285
330
122
630
628
375
338
102
1571
586
379
86
132
377
322
848
1085
938
1558
1158
227
64
830
109
716
150
170
484
871
682
173
19
16
55
1404
20
544
5
1234
260
198
497
61
276
346
443
80
142
585
2006
192
819
1158
660
133
267
454
127
331
1575
1310
630
32
274
148
107
547
807
1206
1185
337
641
1213
384
2387
923
68
81
1176
595
3
273
1416
268
127
960
1125
335
189
1165
694
332
454
285
138
431
302
8
470
722
106
154
1378
289
299
560
567
572
199
409
48
1469
4101
100
390
313
138
366
639
464
1146
92
141
715
127
190
12
319
676
488
143
1076
666
419
1137
1894
381
863
62
89
845
153
68
171
1275
215
25
247
714
68
152
384
200
601
157
120
518
1686
48
447
847
9
384
725
314
311
225
224
419
26
43
831
3175
117
662
383
1441
429
1248
244
260
151
70
2614
390
353
459
279
1455
517
283
529
897
1391
18
489
1048
1167
738
464
394
857
1492
511
1660
17
524
438
192
145
1086
561
1648
1442
843
159
7
4
236
640
285
62
482
362
573
227
823
210
135
505
69
1050
544
122
2070
346
2324
434
329
726
936
1046
503
516
8
18
180
49
561
1660
355
107
198
471
4
1
413
196
280
669
237
597
197
1712
104
685
250
81
286
86
159
1
272
1808
1098
363
567
451
337
54
54
336
1335
217
113
133
480
218
357
184
89
287
309
359
307
665
98
491
66
607
858
968
302
284
152
949
57
11
12
680
592
628
550
173
720
77
72
887
876
151
235
562
916
1448
1250
237
154
150
566
99
31
1496
18
2225
706
223
698
244
1608
211
520
333
340
139
315
211
163
830
425
391
561
212
745
166
1550
398
93
180
175
3
368
204
383
22
1540
561
417
386
1189
433
165
2204
641
143
1076
98
207
235
95
1096
439
249
662
116
32
624
336
235
779
403
445
341
946
234
84
156
286
376
1561
521
1902
587
156
84
104
715
6
275
173
814
565
598
874
517
578
364
563
704
1166
81
526
294
106
872
108
387
385
320
562
25
276
602
381
429
151
201
879
17
489
387
67
28
295
1383
420
3241
531
132
68
1398
248
182
607
474
11
44
68
473
462
182
555
1494
378
341
613
191
651
372
77
371
364
119
1094
418
53
95
1468
246
1342
256
28
789
717
669
339
234
762
581
1090
755
2387
548
152
1038
577
447
2150
1009
896
419
91
345
727
12
420
673
147
99
1036
45
14
168
355
339
2750
231
57
1294
724
165
267
639
317
333
3541
630
43
142
969
1139
1196
589
786
506
147
332
479
148
81
592
881
659
1912
832
89
314
89
315
1108
118
801
1595
883
230
1687
618
780
248
90
15
179
9
1542
1689
913
246
33
401
123
492
548
168
151
91
122
440
1108
550
128
126
403
122
477
397
36
884
949
52
194
420
215
427
613
236
199
1132
196
1303
1876
69
1143
902
511
1091
38
1514
444
178
55
179
229
499
744
107
31
102
133
321
786
673
332
132
690
2163
69
687
957
911
474
52
861
635
275
420
547
726
623
189
356
636
277
705
162
214
1986
348
1554
866
1454
763
302
154
317
363
1210
898
741
256
603
265
110
273
339
897
10
220
221
47
1709
296
354
114
765
504
490
427
825
195
806
1067
623
320
200
398
198
285
205
791
290
117
2459
258
1710
1650
70
549
53
61
510
493
864
357
39
480
34
484
174
10
460
149
1003
1205
231
571
217
720
568
1230
94
834
105
14
1715
250
720
1528
1118
804
2573
54
988
1275
1139
274
2870
61
933
230
545
608
294
252
322
231
1049
105
110
20
1777
1329
19
408
1871
566
466
833
140
207
394
97
95
2632
749
750
171
211
373
215
15
1410
138
582
273
751
116
158
1812
22
275
379
52
53
1391
268
783
636
89
1367
356
537
254
651
306
757
575
74
556
244
350
909
33
1716
197
743
136
129
252
332
216
66
203
1732
46
92
764
20
490
251
249
94
86
1670
934
526
339
545
603
128
465
560
431
596
13
697
231
194
1435
6
627
665
225
120
55
57
705
158
40
383
1319
611
273
414
247
177
415
162
5
571
1062
707
2197
101
223
699
280
586
53
279
573
284
1282
33
202
245
52
553
186
334
233
185
451
483
490
2169
314
1337
236
216
360
353
313
230
391
56
1585
9
14
401
1058
1027
529
1188
134
208
101
135
370
53
137
1348
715
988
211
230
1362
286
730
341
139
554
1125
73
612
80
80
35
276
12
1305
1038
716
16
413
139
335
71
648
108
964
48
236
115
1586
154
118
25
36
199
836
36
1634
272
351
985
495
445
99
29
118
848
341
699
64
504
1347
11
1671
74
653
2225
258
54
335
104
197
126
241
711
1011
33
2445
47
125
1484
390
617
493
184
384
264
113
63
162
368
439
829
134
1277
62
1192
269
255
438
64
112
364
108
171
96
879
601
676
1705
644
321
118
48
897
1019
1228
158
282
365
87
605
151
612
73
879
616
35
17
2196
293
65
22
13
287
643
318
345
134
327
117
305
53
2675
108
1663
402
696
355
236
64
180
549
180
1714
1340
1557
165
40
764
1240
1417
2
327
1897
1523
1166
674
50
96
1139
107
256
111
267
2560
284
57
233
2078
418
422
2705
1053
602
39
47
82
105
144
258
465
265
773
358
1161
328
940
477
38
5
873
354
1115
133
442
558
146
162
54
1257
44
2055
1542
367
79
1569
466
317
473
658
2205
436
985
1413
135
373
339
589
49
68
257
958
410
387
611
175
394
275
1120
646
789
839
365
155
252
339
1115
231
1369
167
370
295
109
820
67
436
376
1016
223
711
344
2200
592
212
120
474
3
26
1495
498
1615
47
247
48
2526
1306
102
298
647
594
64
204
370
158
1666
1
335
328
815
161
970
1665
206
2686
23
388
554
396
295
515
89
390
314
1964
454
159
64
21
1559
663
106
568
154
967
1874
271
2687
295
1038
217
220
68
4622
826
266
222
69
49
1093
10
407
240
168
839
1
291
252
1048
789
830
971
455
56
63
157
1830
224
426
126
837
86
374
438
895
1838
302
582
12
1539
399
292
452
459
692
1128
954
584
1386
1427
263
680
740
332
324
247
439
437
825
870
38
243
1087
1494
490
606
562
107
351
125
256
230
405
480
189
256
303
209
427
342
149
453
251
94
26
1208
529
369
201
472
282
170
1583
49
439
303
397
121
17
334
625
96
199
57
237
685
177
1480
134
649
772
167
30
550
3103
2441
556
806
539
201
77
677
181
379
1877
475
107
228
93
502
1657
153
86
228
41
856
7
1501
30
936
140
55
941
366
296
498
228
417
211
1443
218
216
902
573
738
2862
16
41
444
377
515
1400
843
12
355
14
43
522
1152
58
329
196
1091
778
467
101
46
840
479
13
537
285
258
310
50
1222
111
797
214
458
686
725
1683
71
450
818
226
104
1098
1479
136
597
922
133
74
135
48
535
589
150
814
82
90
534
290
642
1987
447
177
916
1242
1295
913
227
741
92
456
184
307
204
103
170
377
3918
2009
1530
1502
370
485
1018
585
46
152
517
711
1009
182
66
556
404
456
128
190
273
40
368
534
3632
332
519
272
68
594
366
1317
450
457
70
1700
52
229
334
244
8
412
90
295
360
1206
465
144
252
1269
198
686
23
276
628
89
644
538
49
130
409
979
772
200
178
545
303
196
215
311
179
897
1102
813
37
110
245
11
20
730
86
687
937
218
194
466
250
439
49
54
977
73
53
101
906
363
1821
159
15
206
1027
2
996
1587
225
7
569
46
720
108
128
311
33
1057
78
121
392
220
607
1659
985
571
3116
491
203
138
242
825
642
662
701
461
1115
80
194
173
203
977
91
72
28
5
343
180
918
331
545
228
764
510
609
171
294
424
1385
404
1464
1680
1139
30
695
17
64
129
1069
569
792
470
667
329
908
995
338
65
89
523
643
278
1291
240
1253
64
293
79
21
8
752
705
1147
608
1063
1743
69
200
76
198
833
1124
159
59
960
1000
755
677
14
465
297
276
95
27
388
183
816
256
831
588
846
25
156
519
130
1205
240
2629
48
932
153
213
304
807
58
612
1249
424
104
1991
1215
130
187
1769
546
361
82
182
36
628
967
1231
288
463
385
468
743
601
234
243
1314
737
31
873
33
609
824
412
53
852
597
688
328
1132
823
77
2214
564
170
129
47
190
586
830
78
123
41
949
48
47
79
383
256
165
406
97
401
307
179
99
228
96
137
299
874
1362
34
88
1498
894
57
823
262
532
1569
817
713
1802
787
433
210
778
576
214
271
531
160
552
496
103
677
1244
226
573
69
2183
2234
142
1478
1674
131
476
378
79
832
204
937
883
692
133
28
936
184
865
393
240
345
308
181
765
1911
414
78
151
224
498
502
305
173
175
400
515
48
258
265
173
928
40
2
850
2314
671
610
45
10
113
255
1555
548
303
422
224
609
309
562
162
184
360
754
479
140
904
290
846
296
213
1118
494
117
445
165
693
416
594
610
965
878
623
66
730
36
1216
1130
1407
641
1498
1059
818
729
632
402
12
728
144
1202
43
25
293
666
300
310
2727
393
523
122
775
1752
350
347
726
307
124
272
95
72
1142
670
8
340
580
95
94
141
258
551
116
2117
936
500
256
115
17
438
511
26
400
344
124
79
114
355
74
130
263
262
1723
518
1379
76
35
663
261
59
571
30
44
892
263
658
315
1075
807
84
120
61
2
165
45
83
201
64
638
14
173
215
69
377
1029
1623
557
2708
389
151
317
96
1178
307
119
522
1928
398
903
184
851
1282
1033
410
1726
2824
2073
516
833
247
126
221
254
1058
659
734
47
22
353
372
180
7
20
2523
1509
470
1188
1205
1267
1063
269
616
215
802
516
223
1146
3108
849
203
532
75
790
48
455
167
266
504
566
268
215
304
317
57
879
969
112
472
672
64
478
1037
856
30
1326
2513
475
225
221
651
212
24
1008
505
1202
215
1588
807
458
643
405
190
176
1210
546
2729
472
54
392
215
442
420
444
740
881
70
691
326
438
225
184
1437
16
955
424
12
395
526
501
171
951
92
110
422
690
24
280
426
176
400
260
321
1013
285
813
117
1220
49
140
100
91
233
329
329
72
949
789
133
60
275
467
40
369
408
26
203
374
1437
368
345
225
393
176
4
528
185
210
170
36
135
296
1331
352
782
627
312
452
2050
203
377
562
1433
182
533
188
170
139
504
157
1710
93
1062
1065
285
1425
38
958
691
351
79
754
48
46
2666
1273
1240
338
420
332
38
59
138
18
2120
816
46
166
670
3084
710
150
605
915
1429
205
180
99
30
314
588
364
145
783
1202
639
999
2249
106
125
546
40
895
759
52
1633
1117
1763
170
180
362
2075
2068
371
196
866
164
567
48
236
1712
213
294
472
48
80
125
75
602
52
271
162
459
143
30
473
654
1363
494
381
155
1172
189
341
1120
18
64
175
154
962
465
104
2032
257
657
254
353
263
293
84
314
730
372
154
13
568
1015
27
217
35
488
781
334
427
414
1198
608
348
174
682
323
312
538
597
70
732
281
262
456
2201
636
18
1
1307
763
39
615
697
684
484
141
494
689
529
727
207
179
3
708
1626
1583
582
355
133
398
103
4
358
441
278
3317
446
592
210
110
329
213
1046
1060
177
1385
624
451
273
17
49
81
648
826
377
317
686
800
232
349
1784
2141
227
2015
142
195
575
395
357
454
406
1181
393
160
1178
312
483
267
198
1220
490
341
199
263
65
955
267
381
320
622
222
625
493
993
268
242
723
11
853
395
1058
568
1318
872
569
452
693
1733
75
104
461
988
229
437
764
636
43
19
949
175
322
187
2251
165
155
379
693
61
308
129
404
832
162
1631
1378
74
113
438
88
600
269
226
1215
232
522
86
1354
4
168
835
700
484
359
853
225
284
394
646
58
482
614
505
241
996
334
692
179
534
656
2415
333
431
1302
91
73
219
503
8
188
278
52
753
324
2064
318
13
16
298
2202
118
2870
507
128
1071
485
94
170
1537
152
326
217
128
543
874
979
135
886
154
194
136
788
817
1379
963
85
782
243
1041
210
420
1555
1336
295
22
509
1171
1018
90
2654
96
104
182
935
448
2
515
382
49
353
1280
65
377
224
548
1913
216
695
34
737
42
1161
973
186
266
120
554
255
152
309
277
399
355
155
1564
380
263
832
422
73
540
1278
168
712
352
329
481
843
541
240
1996
1088
60
1107
154
1120
1193
115
462
94
138
210
172
133
708
50
227
259
1501
100
586
720
505
54
974
512
1451
97
589
146
266
78
82
193
274
1813
609
630
336
139
223
2193
963
1793
11
1277
621
507
351
277
1405
72
32
53
20
1119
239
609
95
414
524
118
455
293
418
326
1801
88
2021
4
156
400
1144
483
1469
17
346
1178
957
472
85
12
107
1630
549
3724
1404
448
288
435
1091
769
100
2663
406
1841
1043
186
300
72
437
1360
1168
67
179
333
248
301
111
360
37
2046
191
1614
465
965
1353
216
2017
2411
75
145
595
146
1411
293
683
227
332
622
598
946
46
152
189
341
847
327
1062
537
506
54
365
306
359
157
82
926
928
661
1440
698
129
225
225
2703
808
196
281
49
814
61
101
1442
740
91
1022
785
94
32
170
316
222
312
36
307
72
2039
484
447
942
902
155
1259
237
119
1161
596
486
507
124
1193
408
154
1058
550
724
135
1587
19
347
557
192
1367
346
417
660
1213
215
301
105
851
150
433
776
271
807
537
173
268
836
1270
122
451
91
883
99
688
38
264
304
1495
355
1028
303
273
487
40
784
818
396
384
503
572
226
372
346
521
114
145
169
22
61
891
113
138
1775
80
96
60
125
1784
32
1656
1148
660
456
667
871
237
186
286
1503
36
149
1092
123
208
38
412
177
1003
62
341
547
423
790
561
90
188
69
249
701
288
80
204
654
251
804
34
117
441
121
151
309
107
129
924
159
1487
545
1720
137
139
629
41
108
360
906
547
171
1001
414
108
86
316
773
1977
750
107
1067
303
307
697
131
1014
686
456
114
117
547
117
207
177
87
540
1865
188
157
1468
72
609
105
69
823
779
590
339
948
26
177
76
113
221
495
42
101
1196
674
2575
19
538
371
416
354
127
334
1578
130
166
8
14
1534
195
223
75
418
167
1448
943
70
783
595
21
256
61
907
403
449
161
1077
196
39
486
786
786
212
1445
723
579
772
116
664
99
373
747
600
478
714
848
245
521
856
233
173
619
1010
921
168
302
56
1154
13
329
592
924
1261
498
1243
129
133
25
517
225
2170
331
209
1241
85
1617
1930
299
1408
1021
28
18
1435
63
1561
2218
723
401
119
734
434
153
683
431
666
225
488
511
69
2217
342
126
158
403
264
216
836
523
1069
113
1052
372
512
729
809
1693
76
894
1366
280
128
543
199
32
225
229
1176
389
1330
1163
277
1479
604
349
930
348
634
1335
1026
1312
10
796
128
69
1603
150
610
319
200
717
460
53
12
107
901
535
205
189
1554
752
195
94
265
531
20
989
1
638
492
457
556
209
495
99
790
224
524
1682
4013
152
14
402
319
3397
1516
22
634
64
413
792
386
105
84
281
403
33
16
148
1790
296
84
614
530
108
2393
283
275
278
1243
658
94
526
759
1412
1316
851
1699
397
517
751
139
375
768
1424
126
779
1252
110
589
72
967
2064
820
139
323
79
701
533
260
123
293
1465
30
1202
22
44
443
792
591
1024
51
1955
473
467
749
109
476
473
2
54
1339
238
1056
402
214
198
343
442
378
233
763
1074
2274
29
395
1195
459
801
209
121
781
255
2262
1429
958
236
1388
783
91
587
424
232
1181
775
360
504
279
238
674
723
525
847
1560
686
2038
463
378
333
213
436
345
266
43
929
1494
2768
80
57
1562
110
688
137
176
685
208
183
931
183
33
727
159
247
891
665
1474
112
36
7
194
348
233
750
3378
1269
1518
239
103
99
171
1418
141
154
633
312
25
106
1561
74
49
234
350
229
338
1096
876
495
1499
175
256
1661
1223
1283
23
91
1650
119
158
510
1165
528
740
689
495
109
477
917
405
16
917
1056
377
637
82
156
600
382
164
58
637
960
101
89
687
1499
806
489
188
340
337
1527
1368
983
735
121
268
669
918
679
543
195
66
674
107
740
64
1192
1456
644
90
343
501
729
58
1159
153
257
1005
136
29
983
5
416
2552
1196
364
1010
502
176
94
109
1548
899
579
906
1627
307
58
408
478
657
67
492
241
358
2079
541
146
713
416
873
495
193
2792
10
1348
346
79
300
963
293
1816
272
20
1081
65
1339
201
1186
75
149
266
38
266
544
492
647
301
96
778
31
1164
361
836
226
1548
450
460
449
385
5
17
1464
221
670
69
343
29
196
209
213
81
436
433
292
1768
244
7
1127
1152
628
655
100
455
1325
674
67
1621
1396
408
891
1299
75
489
107
187
171
1266
226
199
98
523
188
238
525
45
172
782
40
1372
1038
918
256
275
127
427
724
976
728
823
73
68
84
507
53
2293
706
266
207
438
125
1257
1245
2
151
601
521
235
127
70
1237
301
498
431
331
66
294
62
856
1687
330
398
435
31
73
1481
4225
38
152
314
300
105
479
199
1155
817
1027
765
327
278
275
88
1289
357
867
552
794
72
664
576
165
43
4
258
80
260
205
678
181
89
382
129
710
1010
288
60
318
298
954
3
713
56
26
2242
1220
134
153
344
304
676
186
31
148
943
2091
62
1121
176
28
417
696
641
114
2470
158
130
1031
333
818
328
544
168
399
438
1644
27
1106
149
585
352
359
165
728
35
3
27
564
594
426
1298
173
255
904
163
120
590
437
76
137
110
716
659
335
313
224
133
426
793
657
55
850
638
463
474
130
790
276
787
264
19
60
107
1394
72
599
109
812
39
324
51
1651
456
451
69
691
24
586
433
25
114
164
631
12
758
261
620
413
63
744
958
45
307
130
30
729
113
650
612
703
784
639
698
329
1041
2214
393
653
2012
113
1339
36
1126
105
181
4
767
52
293
371
66
2250
895
1127
119
217
1456
1115
1822
74
1221
617
26
683
2192
56
168
19
342
1257
539
3
401
1381
247
323
422
1392
181
7
552
371
139
382
98
88
331
90
1073
409
66
395
147
194
1541
94
810
328
468
40
408
729
637
687
115
492
775
185
1203
81
477
1907
190
577
410
587
149
184
1384
1423
185
155
37
130
590
121
235
208
499
714
1037
827
1298
238
478
645
773
542
379
658
330
9
193
356
205
82
391
106
48
52
2141
1456
307
27
134
278
8
65
603
98
295
295
717
39
241
291
293
329
915
649
1286
221
1824
201
162
2035
533
1454
87
959
12
8
737
244
117
928
392
1115
21
326
874
695
120
308
2445
245
611
355
508
1505
89
90
235
24
136
46
261
380
107
339
1089
16
1135
166
68
361
873
147
35
108
433
480
308
218
302
34
984
297
242
294
57
1768
238
160
190
372
496
269
699
307
82
54
454
633
1699
311
130
32
494
325
701
208
185
163
746
1234
638
43
94
49
372
399
948
85
60
438
249
2
970
61
63
259
1025
686
114
63
355
622
73
430
334
87
232
1058
111
426
202
91
842
119
1149
41
1220
1218
912
282
1474
19
227
175
1385
269
233
195
102
672
210
329
188
675
20
36
115
459
751
553
382
212
266
386
129
61
34
1516
1930
763
95
287
1
344
227
732
615
217
32
145
371
489
73
741
115
127
1061
1312
607
1991
181
98
1244
311
168
283
1501
1460
1243
1191
327
239
40
404
984
1649
593
136
64
536
396
28
1016
1201
1274
317
1321
620
235
658
2226
1491
251
744
231
327
56
366
498
1071
274
577
2
20
28
1901
27
333
559
244
406
647
1406
400
359
211
81
1061
483
356
37
1055
838
253
94
183
563
353
959
468
552
514
546
428
221
1413
356
1155
154
887
369
138
205
344
1288
11
241
65
359
634
135
151
465
779
87
375
287
918
611
87
338
2258
560
596
1341
288
42
25
458
98
102
230
175
2995
377
1560
50
94
1146
455
917
585
427
244
19
240
68
200
81
783
139
125
216
2121
962
283
631
307
565
315
1731
2189
97
1099
740
710
130
94
1032
2538
193
843
704
62
497
1297
154
47
881
1163
137
1284
86
8
18
488
85
44
60
243
156
255
672
111
636
203
630
475
425
788
348
657
105
212
621
307
195
2222
233
109
593
976
711
117
193
472
364
2118
94
128
870
899
134
807
27
1295
1068
77
559
2742
220
372
76
416
606
958
227
1202
35
215
159
314
777
918
109
22
802
2086
179
268
283
136
1556
279
26
400
490
110
117
1272
390
360
709
1362
598
611
73
479
169
1121
2509
254
425
194
888
1343
75
618
93
1859
247
846
527
2308
237
2175
483
208
108
119
282
472
921
957
225
473
1030
596
538
883
349
2795
379
513
520
228
694
367
480
88
141
1196
440
159
346
428
441
106
625
25
35
125
139
289
719
1354
589
1620
1456
557
248
507
6
242
1018
497
65
564
352
2280
2204
391
252
139
789
636
464
88
322
834
315
895
406
173
21
163
1279
1344
216
66
144
300
376
507
265
705
8
741
1563
388
89
506
783
577
1673
415
1645
710
262
847
97
521
669
126
583
453
92
419
47
690
525
14
762
565
1119
764
59
103
221
924
66
335
720
210
1406
605
384
134
411
413
221
160
467
809
251
1117
466
73
1326
119
2
600
1487
571
285
16
873
12
392
6
1369
2288
108
631
761
320
70
1057
241
95
1841
44
677
102
413
526
346
237
1520
413
755
127
626
178
360
356
403
436
216
601
82
1652
224
316
511
247
223
477
358
1298
186
482
501
604
848
67
111
56
83
44
205
697
293
243
349
67
94
134
325
184
64
64
1178
138
173
1143
93
245
178
166
1542
1174
742
167
153
12
183
373
475
30
630
112
1086
1
121
386
697
109
262
215
215
1062
248
413
424
29
20
1028
2727
880
92
123
149
706
1018
605
384
395
2349
344
1739
437
833
580
1702
24
126
1418
555
140
1662
271
582
598
367
127
654
506
721
378
150
128
849
259
160
1426
316
1219
689
394
104
157
1171
643
4
278
1795
210
3802
964
1447
5
120
811
580
1329
666
826
706
541
651
480
611
179
74
533
719
824
463
18
116
454
274
641
739
208
1242
155
834
116
250
975
132
1008
1597
225
147
5
300
115
1115
143
292
434
331
12
197
648
788
329
709
299
126
61
104
425
1152
2261
312
46
637
1079
815
375
598
415
18
774
125
368
164
997
19
98
672
360
310
1978
107
1178
493
375
965
553
418
995
2142
40
933
118
687
1085
531
26
129
909
232
565
422
179
505
96
787
2857
908
1045
12
241
507
464
207
356
21
535
8
108
110
378
229
1099
117
627
1144
1247
76
658
535
1036
245
162
1157
831
741
212
99
1371
120
1922
540
492
164
2099
151
855
135
77
2334
38
915
1206
1222
1241
1247
396
89
37
1737
357
188
45
585
561
1642
1305
679
1131
235
647
233
227
800
1040
696
152
2049
171
600
811
850
702
121
1013
2639
823
1851
147
304
1362
1516
697
1300
217
584
366
155
308
761
643
1412
226
75
324
195
50
150
462
565
231
1037
29
416
1758
1346
827
168
313
876
128
201
230
1233
841
490
67
1392
95
577
421
290
1908
530
554
255
1232
171
178
741
139
353
771
54
32
37
18
911
1393
71
659
241
1240
649
919
178
143
506
70
1093
948
354
82
254
232
1609
101
47
1199
296
3
1036
238
156
103
268
71
330
181
280
868
5
27
99
764
516
231
247
140
186
1997
280
303
186
629
96
507
554
39
101
31
1064
77
25
326
215
1609
148
56
773
547
301
642
49
519
161
1757
1419
389
1624
507
871
49
194
134
96
1047
781
227
280
1672
409
1687
2147
1126
271
215
531
93
394
1438
16
160
187
573
1692
128
341
878
488
679
1169
823
493
13
250
36
825
158
194
1160
471
883
221
854
145
59
53
1042
469
1098
276
627
36
124
199
669
716
509
423
112
9
468
857
311
1556
3
459
479
1695
379
102
222
372
2401
563
13
204
474
341
390
526
1631
288
124
521
24
630
1088
345
302
350
158
299
315
87
66
1653
1018
20
778
4
462
244
483
14
183
544
177
596
83
7
451
350
962
695
506
770
1079
173
937
40
786
25
947
507
31
322
255
33
1384
243
73
49
291
216
454
40
236
521
643
201
335
72
1202
175
52
330
372
1720
608
101
719
71
697
1606
831
170
1
192
63
492
2044
387
651
339
983
447
39
117
1079
236
1658
86
426
439
2368
63
1101
1204
44
279
1206
786
116
326
143
1005
1002
211
565
364
267
845
284
1291
635
37
315
661
261
180
435
633
409
4
382
332
914
410
577
53
1376
1043
8
44
2041
412
163
220
144
286
288
59
538
1063
682
690
137
709
1660
511
363
849
121
576
892
208
299
80
384
79
165
107
842
313
951
236
73
246
754
1324
92
960
219
91
167
570
165
100
546
808
665
179
1147
972
115
389
1920
3
5
2119
353
1680
60
200
152
40
112
1592
162
395
43
729
69
43
545
364
564
1
1124
78
1113
198
168
1414
176
1533
760
363
192
523
961
84
74
421
263
25
1006
825
1677
483
880
153
798
492
210
5
13
149
486
28
152
2422
825
106
117
460
319
370
139
889
75
608
244
1178
700
1015
770
1135
1285
478
374
171
681
87
605
518
146
28
74
448
558
336
220
187
712
444
28
855
270
676
630
3126
456
141
1464
276
31
2884
282
1198
125
582
488
207
96
312
35
1162
578
520
539
551
132
177
2176
309
13
309
183
613
214
123
704
505
10
890
218
190
752
1148
129
30
757
140
122
331
410
531
523
141
241
588
65
564
104
28
578
501
2037
313
195
137
46
718
259
832
650
23
89
419
40
209
785
1164
509
1595
1580
124
96
155
6
550
161
183
326
28
604
235
234
291
397
61
9
447
103
770
372
72
287
69
701
905
518
925
172
9
481
1924
841
32
454
12
236
239
52
300
1218
1058
376
1273
29
1218
74
588
53
107
358
1497
1505
322
428
1818
491
199
748
112
332
185
990
81
401
156
876
104
112
740
362
338
28
249
924
911
205
1312
69
728
423
772
452
358
31
105
216
551
2573
1332
404
1275
766
1506
57
124
91
162
918
654
1169
373
766
195
143
2130
40
23
221
442
607
176
1741
985
428
453
5
123
169
1754
619
315
132
2041
1423
70
417
157
676
471
35
506
633
89
193
367
283
1233
330
375
158
1053
254
88
432
13
212
269
506
13
1412
816
116
354
813
91
1356
48
594
196
820
601
148
375
1546
389
2574
540
1407
698
115
735
581
408
16
96
251
418
1420
466
364
126
834
517
144
110
1284
440
505
291
844
642
416
93
637
103
399
59
473
99
393
357
118
356
460
559
40
2094
1525
344
1195
126
39
820
589
106
144
479
1218
504
669
934
44
418
395
1632
13
306
1357
213
2012
1279
1184
1413
518
417
80
2814
75
1744
212
29
756
181
901
100
655
1787
646
560
183
44
365
367
1353
225
22
476
156
1268
421
113
146
130
240
811
328
99
222
34
232
2531
1059
363
415
56
180
270
542
517
426
261
337
1175
1329
836
220
772
348
105
296
106
304
1860
615
20
207
751
655
403
396
36
342
75
4
247
418
17
275
212
640
476
1329
74
127
255
1311
706
950
515
25
755
642
438
1000
623
134
562
31
749
418
499
773
265
507
578
125
832
119
1422
199
858
124
608
2958
318
183
867
559
1214
134
204
341
1238
423
967
1173
1211
108
1762
934
59
690
18
516
314
910
625
287
586
735
1426
252
630
112
621
244
1361
14
530
392
1102
375
276
107
692
1037
88
1237
624
1121
380
475
2390
174
398
840
365
83
669
92
296
231
763
151
282
1116
898
1376
1807
446
1138
151
1117
461
865
168
1246
272
929
669
1834
161
416
81
441
16
252
390
221
397
518
1303
14
146
526
606
365
51
600
708
237
23
740
1500
150
360
307
1173
237
240
8
133
327
372
89
1528
1227
1571
556
3
77
36
273
142
367
766
50
1177
758
320
40
325
87
85
781
382
217
214
606
1673
150
873
231
140
323
2
555
852
133
489
571
595
15
621
178
617
271
545
773
117
43
249
138
1014
628
1394
62
675
714
1071
212
224
207
901
652
104
62
1057
961
26
51
932
1511
261
361
588
98
66
20
76
1056
58
699
1385
151
316
2235
509
84
174
349
271
14
2196
22
585
178
178
516
46
81
1077
316
1231
61
932
196
107
89
409
296
59
206
833
552
983
2593
187
506
1100
225
124
82
240
2240
177
1728
279
3009
884
53
213
1052
53
1170
96
1926
896
62
2363
142
132
242
153
670
275
214
74
40
114
822
616
390
110
450
1524
215
785
488
59
239
618
138
60
560
831
565
841
42
740
1248
202
116
2059
199
120
328
3072
736
815
1826
9
192
312
296
1162
531
7
1154
251
71
1266
26
821
209
751
1065
154
8
113
276
976
368
521
478
486
3
440
497
744
256
916
237
233
819
861
381
211
129
314
36
260
343
477
525
154
785
312
458
73
606
1044
168
2
7
299
436
567
101
197
99
295
587
1705
26
225
475
848
87
782
127
334
532
402
761
1339
866
351
94
423
197
33
96
982
777
3
1150
851
650
883
231
320
630
254
1374
1206
320
743
227
702
674
416
359
139
1332
1533
3200
446
451
1385
300
1343
336
595
64
172
607
1433
803
938
104
886
1209
678
115
281
1116
87
20
349
382
1465
196
825
488
975
152
634
551
48
397
86
693
85
41
31
189
272
93
317
200
2375
257
697
10
88
915
2146
245
49
145
932
367
8
641
700
26
554
9
171
305
34
26
449
115
63
128
961
1697
194
168
216
1341
996
141
101
5
94
12
122
616
1080
349
161
155
517
4
1559
710
1092
31
307
13
59
18
106
1219
329
437
331
938
187
7
215
735
399
41
55
212
1509
502
639
5
258
1132
380
274
721
54
48
482
141
290
869
96
526
245
517
1777
19
1344
26
419
392
285
276
749
333
331
977
249
831
116
498
883
942
1393
266
1504
2292
220
711
659
1177
468
285
911
237
1225
380
335
766
189
178
17
318
1186
276
1680
1185
1198
3404
364
109
615
453
845
363
597
295
2152
957
717
19
441
679
841
1081
205
268
38
520
847
375
725
113
1153
2853
369
62
497
1296
998
68
2971
404
501
268
288
495
342
171
8
157
1858
274
76
280
8
117
435
465
444
672
495
34
1216
324
585
1622
307
350
505
1708
2444
38
719
297
433
200
620
19
839
167
688
385
2708
53
1178
1142
279
3
454
258
2086
107
70
12
2358
436
546
1843
115
1068
283
689
408
110
1319
995
1742
217
868
79
228
181
128
1431
253
693
1690
189
309
1046
210
35
204
484
973
219
57
692
270
582
1670
304
1048
838
330
442
638
86
665
881
673
639
388
377
606
4
137
443
27
336
36
346
57
745
1051
676
705
911
606
18
1060
23
701
840
85
783
166
739
273
1806
976
183
135
10
18
1219
140
734
1545
948
752
387
505
66
214
599
232
101
106
258
835
223
849
507
589
225
222
358
674
33
240
4
253
263
348
17
745
460
778
43
747
939
1594
385
204
67
474
141
528
103
1038
233
183
2173
564
538
488
1542
198
36
2211
367
1003
614
225
1169
38
1036
28
205
21
928
475
1270
187
646
1139
1
349
5
275
408
2065
641
1846
360
698
58
532
1290
769
711
286
400
125
725
70
599
465
1475
109
1793
528
1150
2856
816
536
855
128
219
1777
1147
335
1322
560
292
427
37
141
1582
61
599
43
1030
2731
276
572
233
868
1589
551
1082
1290
321
313
190
132
474
377
603
282
1015
538
199
424
1030
298
185
128
469
227
271
955
1
1100
13
409
152
1175
1416
2111
1283
147
885
300
284
10
202
422
738
274
537
1128
185
383
55
647
506
112
870
1366
163
1315
122
304
48
333
58
974
152
170
821
1060
1408
682
446
487
1563
520
286
278
455
315
46
96
1476
860
197
122
3
181
748
217
448
58
57
210
77
33
185
1046
988
121
228
258
802
445
904
373
51
593
1729
47
99
125
128
158
771
16
58
1092
306
1518
1086
565
265
814
968
531
164
82
495
291
733
62
906
579
143
93
351
150
330
129
268
213
2423
1095
336
579
824
165
667
351
664
376
23
571
148
1848
908
2055
906
477
44
1387
410
48
100
36
113
156
2133
117
41
27
333
839
140
1080
1235
1208
185
448
1071
96
1097
43
183
1634
719
100
1291
2
747
1220
4829
912
934
288
469
651
45
604
471
291
515
716
29
98
155
680
173
68
567
38
30
1221
1314
614
461
886
13
370
1193
538
114
97
66
729
548
2
130
641
1385
957
9
542
594
765
1382
49
496
459
1218
256
584
832
1173
556
710
78
1478
251
23
304
40
2244
632
101
884
496
256
594
623
163
1370
464
332
191
157
923
134
2584
1362
340
153
99
331
1735
315
158
414
189
1834
794
177
300
427
967
161
436
229
90
15
149
570
374
272
36
133
145
759
53
1412
149
545
750
787
106
654
252
124
1267
277
1895
167
873
28
22
296
801
19
1083
1031
542
1332
528
514
131
356
1311
533
619
5
198
210
4581
211
217
130
30
93
57
154
727
66
325
153
633
525
1503
131
276
123
230
497
463
981
94
2354
218
206
1349
10
1371
394
545
558
94
469
68
886
305
87
252
220
176
941
151
500
710
247
2342
163
82
6
499
574
534
928
174
50
840
308
414
501
958
531
650
696
866
619
132
654
338
806
170
112
318
1928
657
339
220
847
437
723
937
113
408
1561
2755
49
1154
1596
345
386
344
615
46
1183
491
863
361
2563
109
566
872
529
418
324
34
502
712
733
691
59
543
1101
507
153
1421
112
317
77
588
84
867
366
1767
49
1621
300
67
878
861
187
668
12
59
79
793
324
443
1079
1829
931
492
1277
573
531
256
74
58
276
171
16
98
23
124
398
158
232
340
378
1048
592
631
113
883
243
74
409
71
518
234
321
124
268
186
274
1224
890
166
421
124
191
1802
190
186
96
449
470
2248
126
95
82
259
330
226
742
561
1121
1159
964
615
2531
269
404
74
198
3
521
2
334
813
281
189
292
591
143
197
736
332
501
461
13
583
605
176
1848
93
64
927
612
726
601
41
94
73
503
470
663
1324
288
6
863
1140
1485
470
354
123
1460
508
140
1020
639
76
2223
432
1437
35
269
507
111
881
108
36
157
46
367
550
415
50
605
648
137
1074
215
783
593
1343
1085
1201
20
742
1921
314
658
450
1291
366
571
456
322
169
425
1124
113
902
3
17
139
552
732
259
491
49
171
256
566
113
211
221
269
1043
906
609
803
68
371
143
150
908
31
169
1449
1378
66
550
368
153
329
309
367
769
192
666
525
1060
923
888
413
289
867
490
22
526
333
136
38
30
1280
30
48
1356
1843
1531
1084
750
830
312
811
73
283
784
966
609
729
36
172
143
315
380
561
175
1171
154
87
178
468
408
201
525
1299
226
557
71
97
268
258
1105
236
131
387
389
319
283
8
208
849
2087
1981
1014
582
270
400
240
177
23
26
596
656
971
111
283
185
865
10
203
245
27
1114
97
388
969
717
201
893
284
1075
108
102
45
161
214
1228
178
35
754
764
65
38
1461
140
1161
207
1301
424
477
303
106
321
932
489
249
244
87
1359
752
149
90
1815
595
307
80
572
278
446
1015
223
76
71
143
2169
1478
494
325
200
639
269
721
348
384
488
873
884
105
724
506
497
321
356
1141
581
2
451
285
202
459
805
854
302
55
669
894
221
80
766
135
307
70
950
6
1975
492
1203
596
687
123
557
44
214
532
1589
656
139
956
1122
14
76
155
392
883
1168
1113
1007
1680
775
635
3432
294
